0.592056 0.141238 0.176492 0.112492 0.119065 0.094677 0.105131 0.133303 0.175821 0.115888 0.185850 0.153617 0.069953 0.075863 0.191474 0.089528 0.185433 0.067738 0.143346 0.127310 0.165177 0.140501 0.137820 0.158089 0.092439 0.123600 0.168900 0.113340 0.135814 0.183084 0.095618 0.148289 0.102464 0.116855 0.137561 0.149578 0.116263 0.123312 0.120440 0.145880 0.142817 0.136372 0.094230 0.132151 0.175372 0.124948 0.148904 0.202178 0.146432 0.211784 0.124422 0.107788 0.143545 0.121392 0.086940 0.108613 0.184932 0.169025 0.154404 0.127674 0.056475 0.074336 0.128353 0.149511 0.122068 0.101261 0.136215 0.098476 0.044325 0.096355 0.171587 0.145492 0.128265 0.107280 0.165631 0.217953 0.144355 0.169965 0.181062 0.055365 0.249963 0.149548 0.209398 0.137433 0.099326 0.101764 0.169697 0.214519 0.131049 0.054492 0.130576 0.113726 0.125106 0.116865 0.182897 0.139941 0.118935 0.111941 0.115561 0.108076 0.206840 0.129309 0.146587 0.089072 0.171906 0.158191 0.204453 0.141851 0.114948 0.153635 0.115883 0.231304 0.119978 0.106159 0.093607 0.100604 0.185269 0.129060 0.158949 0.137198 0.143348 0.130502 0.129895 0.211050 0.139986 0.172580 0.095622 0.165690 0.143492 0.163309 0.113284 0.072597 0.118671 0.136785 0.171873 0.003064 0.090957 0.116945 0.129543 0.154290 0.142403 0.142370 0.143256 0.103882 0.197386 0.058980 0.065480 0.154825 0.111826 0.094605 0.180801 0.086512 0.249644 0.070026 0.119805 0.119875 0.097826 0.105443 0.186806 0.065602 0.120858 0.143523 0.099207 0.143502 0.164202 0.135644 0.114831 0.148279 0.201304 0.064405 0.157980 0.112263 0.099425 0.149791 0.110619 0.150538 0.138735 0.049624 0.132484 0.113750 0.129832 0.094637 0.141487 0.178904 0.132845 0.105026 0.068969 0.051375 
0.141238 1.000000 0.115267 0.123565 0.110688 0.100208 0.103993 0.102609 0.133825 0.144515 0.120056 0.121232 0.141160 0.129903 0.128447 0.114730 0.120303 0.087467 0.104510 0.078964 0.138642 0.109755 0.093907 0.098798 0.061672 0.121382 0.058730 0.066540 0.075159 0.072194 0.124035 0.126762 0.130305 0.116231 0.096500 0.115988 0.135290 0.147158 0.084873 0.119492 0.070544 0.096814 0.094728 0.131535 0.116169 0.117004 0.112565 0.133053 0.113430 0.077276 0.120183 0.084024 0.096088 0.126622 0.103446 0.117492 0.142180 0.131351 0.092637 0.043587 0.076100 0.055356 0.062114 0.037667 0.017679 0.031809 0.034435 0.093378 0.103766 0.078648 0.115006 0.096233 0.077820 0.114191 0.172599 0.143224 0.119465 0.059069 0.161638 0.080228 0.227183 0.145952 0.127885 0.137034 0.073985 0.105163 0.124239 0.190603 0.114109 0.105627 0.089644 0.105927 0.115886 0.117886 0.102822 0.130497 0.091137 0.132547 0.106013 0.098995 0.149860 0.120455 0.091859 0.112471 0.096218 0.113845 0.121318 0.113539 0.075646 0.082899 0.120897 0.136900 0.106619 0.119493 0.104387 0.069744 0.101170 0.038925 0.084409 0.027485 0.083595 0.067440 0.113563 0.112926 0.071296 0.067367 0.047032 0.134270 0.094301 0.083727 0.113946 0.097016 0.031634 0.086825 0.105508 0.000414 0.079368 0.088789 0.099177 0.177280 0.119538 0.116555 0.124260 0.145845 0.112968 0.151364 0.144315 0.127918 0.090855 0.094102 0.092099 0.068218 0.115059 0.064814 0.109772 0.093346 0.104009 0.114528 0.144990 0.081503 0.089050 0.118844 0.107339 0.149510 0.122398 0.098397 0.078096 0.109734 0.121257 0.146966 0.140541 0.049159 0.075282 0.124277 0.090778 0.124252 0.106642 0.115797 0.088053 0.122387 0.065353 0.038302 0.117469 0.120674 0.141028 0.029880 0.090015 0.121247 
0.176492 0.115267 0.625760 0.151263 0.147091 0.269722 0.223405 0.204915 0.251686 0.107986 0.215659 0.194716 0.080135 0.105222 0.229713 0.108556 0.125753 0.082231 0.165571 0.158775 0.105649 0.220669 0.219836 0.197596 0.142926 0.142487 0.166657 0.144173 0.176943 0.268031 0.089480 0.168088 0.103576 0.219651 0.210285 0.195167 0.125387 0.123178 0.170882 0.167297 0.124168 0.184317 0.134680 0.146604 0.210283 0.143440 0.201570 0.167465 0.154207 0.090627 0.158470 0.162120 0.201546 0.094609 0.095132 0.072861 0.168981 0.178278 0.222446 0.204127 0.085676 0.126360 0.175696 0.235621 0.219865 0.150317 0.227443 0.129507 0.047061 0.139882 0.227916 0.193721 0.215916 0.151713 0.184444 0.160677 0.101010 0.096622 0.117348 0.051843 0.238788 0.186610 0.173888 0.132927 0.191616 0.131701 0.141428 0.189248 0.134788 0.024696 0.130128 0.119258 0.145210 0.117230 0.196803 0.217142 0.267029 0.102341 0.221821 0.135039 0.206207 0.141123 0.273644 0.102975 0.448056 0.178528 0.320967 0.249582 0.161275 0.247761 0.110386 0.261970 0.141559 0.108379 0.109739 0.208297 0.443417 0.205464 0.239027 0.282687 0.224394 0.222299 0.154739 0.249340 0.235205 0.217541 0.141539 0.150073 0.138364 0.252416 0.112839 0.090074 0.172697 0.208239 0.185665 0.006842 0.140611 0.143410 0.171634 0.156952 0.189921 0.103643 0.184636 0.123378 0.229444 0.031847 0.063795 0.168681 0.157029 0.142132 0.341944 0.158364 0.183342 0.059960 0.172732 0.140611 0.116133 0.100396 0.309137 0.096043 0.187345 0.225719 0.106272 0.140010 0.181943 0.208748 0.260901 0.158924 0.227798 0.040939 0.176333 0.184709 0.135778 0.153654 0.154664 0.185299 0.240886 0.051135 0.202930 0.164233 0.167780 0.187832 0.180687 0.201211 0.085838 0.178875 0.082311 0.027470 
0.112492 0.123565 0.151263 0.307061 0.112439 0.098894 0.130556 0.127541 0.136101 0.101560 0.133481 0.136366 0.108236 0.121631 0.141131 0.112464 0.079805 0.086291 0.105855 0.133820 0.097931 0.113792 0.131432 0.121738 0.124617 0.100797 0.088556 0.107993 0.064517 0.119642 0.105144 0.107452 0.099954 0.089536 0.132486 0.137774 0.091475 0.108531 0.105633 0.122707 0.100780 0.154446 0.112767 0.104364 0.128652 0.102690 0.139836 0.147488 0.139898 0.077858 0.118716 0.128772 0.118858 0.080238 0.090649 0.070331 0.110291 0.118138 0.118534 0.076780 0.098176 0.086148 0.093260 0.083749 0.063618 0.058093 0.078339 0.111766 0.089755 0.102250 0.143727 0.132966 0.155658 0.133682 0.164201 0.107104 0.087416 0.077636 0.092725 0.059595 0.144913 0.162036 0.101730 0.096621 0.158420 0.114318 0.097719 0.141154 0.105329 0.057344 0.087642 0.089680 0.109285 0.108078 0.166249 0.127647 0.073441 0.094411 0.097865 0.094150 0.162427 0.105445 0.155353 0.106424 0.156812 0.100047 0.147070 0.124871 0.077658 0.119745 0.082204 0.151517 0.123426 0.092132 0.090834 0.104885 0.137902 0.074330 0.111665 0.092802 0.114182 0.096773 0.131979 0.108805 0.136587 0.122908 0.062017 0.089092 0.097256 0.136611 0.089876 0.098520 0.093011 0.110608 0.119761 0.001145 0.083031 0.146728 0.108468 0.116500 0.140649 0.066373 0.124096 0.122319 0.136085 0.077132 0.107595 0.126276 0.113064 0.106327 0.172408 0.094906 0.125439 0.049434 0.149017 0.101419 0.106972 0.084594 0.150688 0.096147 0.117228 0.153345 0.093012 0.089523 0.098996 0.150666 0.133796 0.106471 0.136087 0.083450 0.109661 0.138464 0.082801 0.104169 0.150605 0.167107 0.164002 0.068603 0.127390 0.154826 0.113748 0.108340 0.139867 0.131443 0.075608 0.105519 0.104642 0.058457 
0.119065 0.110688 0.147091 0.112439 0.548224 0.078209 0.102426 0.109195 0.136141 0.084151 0.134237 0.149906 0.089027 0.094686 0.138053 0.120825 0.077698 0.104822 0.101775 0.098935 0.118355 0.150983 0.139143 0.129352 0.090569 0.164289 0.081206 0.095259 0.067124 0.134156 0.092296 0.117382 0.100723 0.101777 0.127406 0.123250 0.095640 0.112865 0.098317 0.118065 0.082784 0.115774 0.119158 0.099944 0.131396 0.108499 0.128928 0.119715 0.105826 0.060076 0.112827 0.108086 0.100810 0.086668 0.088889 0.078810 0.107857 0.168196 0.145163 0.092381 0.088746 0.069022 0.093347 0.113644 0.100427 0.063180 0.106242 0.100156 0.086952 0.093160 0.157493 0.137045 0.124839 0.127252 0.163428 0.170356 0.104875 0.058846 0.101267 0.058596 0.169207 0.170771 0.129603 0.105367 0.103210 0.104995 0.107706 0.158000 0.139967 0.073623 0.109996 0.106145 0.116366 0.102201 0.106625 0.111434 0.081492 0.110354 0.098099 0.105747 0.139762 0.115034 0.140202 0.111860 0.147761 0.120970 0.137174 0.125354 0.089343 0.119548 0.090114 0.142000 0.099422 0.111173 0.096493 0.092690 0.143799 0.108371 0.132085 0.098515 0.116120 0.100786 0.116856 0.119469 0.092970 0.100930 0.068304 0.109719 0.092090 0.152863 0.091138 0.085225 0.064234 0.097602 0.132594 0.000990 0.072803 0.086174 0.125380 0.115286 0.130421 0.089957 0.112772 0.109765 0.145233 0.078996 0.091558 0.127186 0.092816 0.087929 0.160922 0.077769 0.119166 0.054382 0.112880 0.097793 0.095818 0.089746 0.147604 0.084680 0.102148 0.136130 0.091187 0.099321 0.119773 0.114740 0.109459 0.108838 0.121770 0.078682 0.122972 0.104573 0.080233 0.120010 0.093916 0.141003 0.143356 0.054470 0.107297 0.117020 0.110443 0.090122 0.133057 0.140210 0.096911 0.098646 0.088664 0.068543 
0.094677 0.100208 0.269722 0.098894 0.078209 1.000000 0.269466 0.151986 0.171829 0.090577 0.132798 0.095376 0.084351 0.095043 0.127328 0.075362 0.072851 0.049826 0.112833 0.096305 0.058252 0.121274 0.099979 0.087813 0.086439 0.058692 0.073715 0.072050 0.077209 0.101856 0.080243 0.095562 0.081250 0.237366 0.114310 0.105311 0.142268 0.108107 0.086330 0.110379 0.079112 0.141455 0.069367 0.110577 0.109649 0.113777 0.112493 0.108133 0.132692 0.064882 0.107757 0.099823 0.137448 0.069386 0.085757 0.046351 0.126330 0.100489 0.101274 0.087178 0.053580 0.067339 0.107181 0.094676 0.059950 0.066610 0.074059 0.082897 0.054966 0.076694 0.109297 0.095013 0.111021 0.087970 0.158610 0.104129 0.052550 0.064354 0.092448 0.045935 0.174894 0.108077 0.063705 0.107655 0.142079 0.074106 0.081247 0.117097 0.085673 0.019165 0.078641 0.072091 0.090610 0.071484 0.173570 0.275250 0.310581 0.052139 0.235647 0.070902 0.123702 0.101860 0.108848 0.072696 0.327691 0.092173 0.214826 0.213173 0.058301 0.154050 0.075201 0.138097 0.095631 0.047447 0.063118 0.194334 0.276597 0.055634 0.091758 0.096747 0.101133 0.091309 0.107619 0.118291 0.200227 0.086898 0.049769 0.067124 0.076096 0.098862 0.084613 0.070320 0.081437 0.130520 0.089218 0.001778 0.127667 0.096268 0.072053 0.107776 0.121261 0.046372 0.127017 0.086496 0.102534 0.064303 0.096499 0.098894 0.116203 0.091651 0.109689 0.148819 0.096230 0.031977 0.123825 0.091396 0.081980 0.084779 0.209362 0.073756 0.110429 0.111077 0.073693 0.121431 0.096644 0.160057 0.252995 0.085230 0.110849 0.069712 0.075981 0.080922 0.069424 0.082018 0.098443 0.116790 0.177862 0.048622 0.107488 0.130077 0.076501 0.112457 0.102523 0.096859 0.049981 0.071070 0.066335 0.020244 
0.105131 0.103993 0.223405 0.130556 0.102426 0.269466 0.559273 0.142083 0.167642 0.093027 0.135119 0.128270 0.105262 0.119881 0.145348 0.100842 0.068650 0.072215 0.108562 0.130477 0.080448 0.134539 0.140350 0.115701 0.114708 0.088833 0.081108 0.104453 0.067890 0.115055 0.095753 0.100680 0.093157 0.164776 0.152417 0.127561 0.108603 0.097014 0.110525 0.119001 0.099874 0.152837 0.098636 0.110317 0.126141 0.102226 0.151653 0.125385 0.133129 0.069292 0.124202 0.128556 0.137290 0.074562 0.084363 0.064987 0.109072 0.114332 0.125004 0.093528 0.080148 0.084899 0.103277 0.104217 0.084237 0.076114 0.096474 0.103531 0.079138 0.098529 0.139221 0.125302 0.156868 0.119812 0.153653 0.103045 0.072605 0.075133 0.075833 0.053029 0.142849 0.140117 0.086336 0.094529 0.170453 0.102911 0.091374 0.131803 0.098854 0.044539 0.085848 0.084133 0.101827 0.095120 0.173524 0.185961 0.170156 0.073841 0.163499 0.086853 0.151941 0.102805 0.178259 0.098177 0.248494 0.102879 0.181978 0.171534 0.080509 0.143518 0.076306 0.154549 0.112848 0.074327 0.083680 0.156218 0.212609 0.086152 0.123429 0.126113 0.121277 0.113575 0.119714 0.129189 0.176025 0.125837 0.070682 0.073060 0.088563 0.142092 0.088622 0.090768 0.086157 0.131800 0.110790 0.001129 0.109531 0.118967 0.098746 0.113047 0.145395 0.053013 0.131885 0.109609 0.127711 0.079977 0.116664 0.114645 0.132366 0.116669 0.180607 0.136114 0.110446 0.043213 0.155785 0.098888 0.102683 0.080335 0.188088 0.093373 0.132498 0.170964 0.088554 0.107825 0.101112 0.171798 0.205264 0.098504 0.143406 0.084754 0.091342 0.122465 0.084397 0.104354 0.119176 0.138027 0.181421 0.062102 0.129049 0.155862 0.114895 0.121829 0.131117 0.121974 0.057537 0.097750 0.089927 0.058341 
0.133303 0.102609 0.204915 0.127541 0.109195 0.151986 0.142083 0.426411 0.187718 0.097709 0.145906 0.140498 0.086117 0.098615 0.171595 0.100748 0.093317 0.074409 0.119266 0.129467 0.092783 0.131244 0.140896 0.124176 0.114588 0.094769 0.076702 0.108787 0.078319 0.147176 0.092324 0.119997 0.093441 0.121811 0.142592 0.151531 0.100577 0.108710 0.128524 0.132888 0.098372 0.176549 0.095766 0.107252 0.135139 0.112947 0.138219 0.161818 0.154721 0.088880 0.132360 0.122512 0.136144 0.081553 0.082104 0.069686 0.124242 0.125083 0.120447 0.113396 0.070813 0.124932 0.123741 0.117476 0.093843 0.097221 0.113857 0.119949 0.053294 0.122308 0.165151 0.150984 0.153536 0.134421 0.170707 0.129282 0.085532 0.081139 0.094597 0.048373 0.182608 0.167820 0.124403 0.099590 0.149701 0.099843 0.105912 0.161790 0.108792 0.039625 0.096381 0.083744 0.105830 0.096934 0.168321 0.157778 0.134982 0.095640 0.131957 0.090455 0.179366 0.110418 0.153197 0.097283 0.251997 0.114714 0.225314 0.154655 0.122059 0.180432 0.085049 0.209183 0.125705 0.098913 0.091178 0.130903 0.238028 0.104987 0.152244 0.205157 0.170704 0.147063 0.133496 0.176303 0.146367 0.091697 0.089951 0.104284 0.087770 0.150675 0.095533 0.092518 0.149923 0.150697 0.127491 0.003334 0.103667 0.101685 0.116535 0.119345 0.148230 0.085814 0.140875 0.107953 0.154578 0.054143 0.079498 0.126937 0.108778 0.100755 0.174786 0.105661 0.118445 0.050265 0.135973 0.100175 0.099957 0.090225 0.215530 0.082820 0.127011 0.157917 0.093248 0.107248 0.113536 0.163239 0.194470 0.112954 0.156688 0.059144 0.123126 0.144775 0.095803 0.115379 0.118662 0.143149 0.164160 0.055324 0.128540 0.150702 0.126658 0.121996 0.146651 0.127261 0.081503 0.124790 0.084500 0.032661 
0.175821 0.133825 0.251686 0.136101 0.136141 0.171829 0.167642 0.187718 0.603397 0.109013 0.180840 0.166255 0.099853 0.111446 0.222267 0.114747 0.118801 0.081670 0.133857 0.138547 0.119403 0.173715 0.192971 0.162238 0.109462 0.127624 0.125558 0.140928 0.122143 0.186932 0.109221 0.152624 0.110723 0.155929 0.183657 0.177326 0.118045 0.123212 0.152546 0.151978 0.109491 0.168389 0.113798 0.129570 0.177444 0.128678 0.174253 0.164687 0.141563 0.087225 0.180438 0.130812 0.164340 0.110553 0.088002 0.095677 0.147259 0.157408 0.172106 0.152810 0.071849 0.143839 0.135435 0.169789 0.158987 0.145584 0.173015 0.132657 0.059628 0.137788 0.207471 0.173983 0.174917 0.143149 0.175904 0.164113 0.114009 0.088686 0.111019 0.061032 0.226944 0.178607 0.175479 0.122718 0.164577 0.124548 0.133751 0.207536 0.129601 0.062332 0.121063 0.107262 0.132806 0.117359 0.160615 0.198678 0.182464 0.121468 0.178108 0.119561 0.204851 0.133567 0.195983 0.113686 0.284297 0.158863 0.243250 0.187110 0.163967 0.204042 0.118842 0.254292 0.134879 0.121117 0.121747 0.157164 0.294813 0.171942 0.212554 0.257852 0.207153 0.187407 0.147084 0.222659 0.169862 0.141114 0.127508 0.136936 0.118485 0.206844 0.116024 0.095185 0.153841 0.174331 0.158786 0.010284 0.134661 0.126996 0.160369 0.156999 0.175708 0.127453 0.172717 0.131385 0.201607 0.088395 0.102918 0.152771 0.126615 0.119791 0.224236 0.127915 0.154635 0.065014 0.155879 0.122237 0.112964 0.102110 0.250926 0.087905 0.163193 0.216101 0.112117 0.146839 0.161291 0.163407 0.196817 0.138879 0.191655 0.091756 0.156183 0.156997 0.126139 0.162045 0.132166 0.163535 0.186638 0.064331 0.164136 0.157854 0.156881 0.140326 0.162561 0.179801 0.109978 0.130162 0.087154 0.060267 
0.115888 0.144515 0.107986 0.101560 0.084151 0.090577 0.093027 0.097709 0.109013 0.522146 0.098998 0.108814 0.098571 0.106452 0.101510 0.084294 0.260831 0.063315 0.197938 0.117673 0.083815 0.082158 0.089791 0.087253 0.069117 0.081978 0.063256 0.067383 0.062314 0.093321 0.106929 0.120972 0.099004 0.076524 0.083353 0.095661 0.119669 0.152698 0.086626 0.105929 0.081972 0.107566 0.066416 0.086159 0.124678 0.116457 0.098816 0.125586 0.122173 0.087642 0.088318 0.086560 0.090132 0.076922 0.083448 0.081873 0.138378 0.117077 0.092163 0.071540 0.047210 0.059617 0.089052 0.078655 0.055181 0.055423 0.064065 0.079697 0.053832 0.069712 0.100206 0.084998 0.081873 0.083533 0.132901 0.101581 0.075372 0.074411 0.125362 0.049014 0.161771 0.110707 0.087617 0.114875 0.075597 0.072994 0.124647 0.126701 0.097530 0.059081 0.072460 0.081627 0.088231 0.086358 0.127401 0.101686 0.067710 0.076972 0.079122 0.075087 0.129531 0.110606 0.090009 0.081975 0.106940 0.082902 0.117872 0.096301 0.070397 0.093068 0.088937 0.115881 0.099773 0.069146 0.077470 0.065875 0.102306 0.049817 0.079268 0.057087 0.092052 0.073399 0.115095 0.093601 0.082992 0.070999 0.047679 0.156873 0.080418 0.085417 0.096477 0.068965 0.059942 0.089416 0.090228 0.001315 0.063059 0.077217 0.075656 0.129362 0.107123 0.067052 0.093638 0.096392 0.115859 0.091777 0.107562 0.101564 0.074218 0.073895 0.098189 0.060807 0.114913 0.043420 0.095263 0.087200 0.078205 0.134416 0.114733 0.060070 0.084809 0.105719 0.076604 0.086727 0.098016 0.105639 0.082779 0.100581 0.110813 0.100747 0.147946 0.060400 0.063245 0.090894 0.080413 0.111030 0.108340 0.070290 0.083557 0.105383 0.071286 0.046999 0.133291 0.097855 0.101723 0.051898 0.067078 0.059739 
0.185850 0.120056 0.215659 0.133481 0.134237 0.132798 0.135119 0.145906 0.180840 0.098998 0.462854 0.191250 0.082210 0.100748 0.209456 0.100298 0.133692 0.075019 0.140194 0.135633 0.118129 0.194884 0.158996 0.183434 0.131186 0.116743 0.140367 0.143967 0.167294 0.262743 0.079425 0.173544 0.100897 0.189473 0.189178 0.170239 0.106446 0.115089 0.139361 0.156847 0.132518 0.165719 0.111440 0.119501 0.209727 0.138962 0.174091 0.152735 0.132702 0.094806 0.133505 0.156286 0.156145 0.092483 0.080560 0.073518 0.184382 0.160374 0.185480 0.147367 0.079543 0.074946 0.121805 0.164227 0.159523 0.083392 0.166391 0.098942 0.062698 0.098371 0.231086 0.186105 0.184088 0.143293 0.188145 0.176526 0.111569 0.101475 0.118969 0.057703 0.225051 0.176636 0.214954 0.133103 0.172331 0.119860 0.142029 0.185177 0.133850 0.040001 0.141428 0.120391 0.158359 0.133989 0.174173 0.155527 0.139751 0.095901 0.138805 0.139630 0.159687 0.143077 0.196388 0.096426 0.246252 0.198989 0.196984 0.191517 0.131741 0.190324 0.104573 0.233185 0.124116 0.103098 0.103028 0.160049 0.255766 0.192570 0.215722 0.215178 0.162093 0.175259 0.141063 0.235937 0.158067 0.151828 0.135143 0.145885 0.124848 0.221472 0.113741 0.087953 0.106908 0.144867 0.177859 0.000859 0.096362 0.112550 0.176717 0.134459 0.164372 0.105508 0.154446 0.130684 0.286266 0.042619 0.063114 0.174493 0.122541 0.104676 0.222893 0.118099 0.182897 0.061152 0.145560 0.126272 0.108503 0.096639 0.212177 0.083761 0.155665 0.167540 0.097989 0.145150 0.172000 0.162064 0.195084 0.151607 0.175225 0.046227 0.161762 0.175163 0.121747 0.153665 0.204838 0.233881 0.204976 0.046278 0.165411 0.135804 0.163916 0.150355 0.171096 0.187479 0.083812 0.155164 0.072369 0.042047 
0.153617 0.121232 0.194716 0.136366 0.149906 0.095376 0.128270 0.140498 0.166255 0.108814 0.191250 0.398139 0.100211 0.114262 0.180566 0.120018 0.103691 0.094219 0.144130 0.141225 0.143646 0.223170 0.168415 0.203446 0.138464 0.148706 0.111983 0.132333 0.139147 0.239624 0.092792 0.161494 0.122290 0.152190 0.173822 0.169312 0.105587 0.129882 0.143190 0.149584 0.121602 0.158709 0.131539 0.124304 0.207012 0.137722 0.157734 0.148827 0.133427 0.074272 0.146471 0.163557 0.145649 0.085036 0.090315 0.079516 0.140471 0.163203 0.173564 0.126504 0.104549 0.090072 0.114613 0.140111 0.138524 0.079113 0.147550 0.116426 0.091776 0.116637 0.207348 0.181274 0.187929 0.162811 0.198302 0.142217 0.128682 0.082651 0.119572 0.069599 0.191778 0.201990 0.160719 0.133813 0.185973 0.133368 0.130039 0.175633 0.145176 0.058294 0.118425 0.118111 0.149469 0.137307 0.159275 0.138166 0.098124 0.110313 0.116761 0.137161 0.165244 0.133503 0.186928 0.115488 0.219199 0.172833 0.180156 0.168572 0.125902 0.179280 0.101858 0.198762 0.128632 0.119407 0.116537 0.134736 0.216964 0.161758 0.196156 0.189477 0.159278 0.161799 0.148909 0.188463 0.141926 0.138224 0.118917 0.157905 0.117462 0.209614 0.119245 0.103001 0.100486 0.135801 0.176115 0.001612 0.090684 0.113334 0.157256 0.122365 0.168371 0.088892 0.150965 0.131913 0.224938 0.062150 0.084714 0.178446 0.129715 0.115072 0.217742 0.108816 0.171709 0.063281 0.154707 0.127344 0.118026 0.106016 0.193388 0.100343 0.150696 0.175110 0.103259 0.130289 0.157387 0.156710 0.168040 0.141053 0.155807 0.062713 0.212925 0.175213 0.108079 0.144198 0.133752 0.191189 0.216077 0.056470 0.161676 0.176740 0.153499 0.142943 0.197338 0.192318 0.083174 0.156967 0.094432 0.058736 
0.069953 0.141160 0.080135 0.108236 0.089027 0.084351 0.105262 0.086117 0.099853 0.098571 0.082210 0.100211 0.552763 0.159814 0.085119 0.109248 0.045690 0.079728 0.080175 0.091713 0.091093 0.079338 0.099225 0.076384 0.078944 0.071994 0.026622 0.067150 0.020417 0.037533 0.120088 0.076235 0.098790 0.067737 0.085242 0.087210 0.082161 0.096481 0.078827 0.087735 0.076009 0.099367 0.081873 0.091968 0.083724 0.078472 0.089511 0.100310 0.098893 0.050218 0.094344 0.098068 0.080987 0.071376 0.079087 0.069401 0.084242 0.084616 0.075992 0.034940 0.078132 0.077333 0.055147 0.027527 0.015258 0.041377 0.028750 0.097321 0.103093 0.084286 0.097612 0.088882 0.093719 0.111891 0.138934 0.078445 0.075331 0.049350 0.074469 0.060191 0.104684 0.137862 0.064122 0.080842 0.110454 0.092401 0.066075 0.120688 0.090585 0.090537 0.062045 0.071455 0.083354 0.106289 0.109228 0.103912 0.044374 0.084380 0.073398 0.069809 0.121590 0.088571 0.081745 0.109456 0.095930 0.071302 0.093325 0.096305 0.059119 0.071987 0.077292 0.081993 0.092118 0.078620 0.088794 0.068138 0.075826 0.032945 0.069460 0.034008 0.074879 0.058304 0.104189 0.060384 0.081134 0.045222 0.042120 0.059525 0.061268 0.080753 0.083682 0.097509 0.037451 0.072694 0.073651 0.000626 0.060600 0.075173 0.073897 0.104201 0.106533 0.051379 0.084433 0.136727 0.077632 0.154875 0.180224 0.097019 0.082625 0.081960 0.078101 0.068808 0.070749 0.042525 0.113287 0.077983 0.091975 0.076779 0.105930 0.091754 0.085752 0.116309 0.084899 0.084141 0.066373 0.101635 0.093250 0.076475 0.078678 0.153699 0.078618 0.069014 0.060338 0.082739 0.082239 0.115744 0.133037 0.080494 0.080177 0.129205 0.063230 0.051522 0.110951 0.082376 0.067317 0.044044 0.097467 0.092901 
0.075863 0.129903 0.105222 0.121631 0.094686 0.095043 0.119881 0.098615 0.111446 0.106452 0.100748 0.114262 0.159814 0.553296 0.113179 0.110330 0.052599 0.080620 0.088744 0.121692 0.069258 0.090432 0.121334 0.099549 0.114884 0.065153 0.040305 0.095682 0.040034 0.085772 0.105691 0.083302 0.092332 0.065270 0.120940 0.103780 0.075619 0.085030 0.098777 0.101473 0.094378 0.129015 0.085027 0.100371 0.097123 0.080844 0.114588 0.102573 0.111498 0.052015 0.102987 0.126129 0.101074 0.069907 0.081056 0.060562 0.102496 0.088695 0.096527 0.058473 0.083793 0.081582 0.067181 0.052911 0.044809 0.048691 0.060028 0.102190 0.092390 0.088037 0.127498 0.114232 0.140416 0.125571 0.147049 0.082338 0.059101 0.061435 0.053703 0.050114 0.111463 0.145862 0.071380 0.073230 0.160933 0.093382 0.069996 0.119830 0.088255 0.062658 0.075274 0.074475 0.092311 0.113003 0.147742 0.115564 0.049722 0.072085 0.078385 0.077083 0.122215 0.090213 0.120548 0.106754 0.129234 0.080588 0.107574 0.111764 0.073823 0.100589 0.064918 0.119622 0.099013 0.067277 0.083485 0.097562 0.109574 0.078973 0.106716 0.092067 0.096691 0.089392 0.117515 0.088644 0.120327 0.071237 0.070270 0.055197 0.066730 0.124123 0.081639 0.101449 0.065692 0.092362 0.087270 0.001461 0.066976 0.087506 0.093001 0.106036 0.121940 0.041558 0.091230 0.152470 0.117452 0.108790 0.155726 0.102225 0.097710 0.095836 0.115047 0.092654 0.075578 0.033964 0.138083 0.085926 0.104233 0.067454 0.125564 0.095202 0.115833 0.140669 0.089542 0.078291 0.069995 0.123869 0.130596 0.084074 0.100320 0.111188 0.077853 0.123108 0.078295 0.098188 0.103705 0.127452 0.162233 0.081857 0.109444 0.145987 0.098386 0.091983 0.125094 0.095167 0.040664 0.082647 0.103004 0.056378 
0.191474 0.128447 0.229713 0.141131 0.138053 0.127328 0.145348 0.171595 0.222267 0.101510 0.209456 0.180566 0.085119 0.113179 1.000000 0.105655 0.155506 0.081593 0.143927 0.150970 0.088135 0.167627 0.183845 0.190220 0.159691 0.109598 0.166265 0.205753 0.135919 0.250501 0.076115 0.161052 0.098496 0.116387 0.214757 0.181585 0.100009 0.096403 0.149822 0.173371 0.129576 0.203141 0.118182 0.120608 0.197482 0.125612 0.206859 0.154009 0.150152 0.072098 0.155912 0.176482 0.169222 0.105181 0.085160 0.052417 0.194238 0.162791 0.196642 0.146694 0.088956 0.082468 0.131426 0.177687 0.170666 0.086880 0.168241 0.098606 0.120940 0.099759 0.263482 0.246257 0.246593 0.169043 0.213421 0.194690 0.079722 0.089874 0.082158 0.048026 0.272308 0.197130 0.189691 0.105702 0.231895 0.123594 0.143924 0.217913 0.128014 0.014471 0.150488 0.113720 0.141134 0.124184 0.204477 0.196428 0.110513 0.089486 0.121196 0.127489 0.179332 0.145792 0.207668 0.099280 0.263666 0.153882 0.203151 0.175690 0.134778 0.216392 0.116382 0.397939 0.134874 0.105623 0.091332 0.159424 0.250740 0.204563 0.244380 0.257689 0.186677 0.181557 0.212370 0.264169 0.195939 0.192113 0.122701 0.128595 0.132431 0.244436 0.110541 0.113991 0.143987 0.169003 0.182010 0.000744 0.099898 0.123642 0.177122 0.170847 0.179180 0.125963 0.168529 0.134979 0.283783 0.009096 0.049413 0.165177 0.138524 0.141335 0.258787 0.161449 0.175752 0.053575 0.179097 0.126260 0.131796 0.086611 0.292614 0.103878 0.174453 0.210324 0.113812 0.151847 0.157912 0.189823 0.200705 0.145640 0.250913 0.020482 0.144131 0.240612 0.192415 0.184867 0.185847 0.187743 0.200915 0.060383 0.190037 0.175750 0.202928 0.168765 0.190680 0.239079 0.057532 0.203335 0.093298 0.037358 
0.089528 0.114730 0.108556 0.112464 0.120825 0.075362 0.100842 0.100748 0.114747 0.084294 0.100298 0.120018 0.109248 0.110330 0.105655 1.000000 0.059166 0.118796 0.083449 0.098025 0.112418 0.098609 0.123709 0.090780 0.084103 0.096159 0.039852 0.074297 0.029421 0.068407 0.099710 0.089960 0.105056 0.082046 0.092746 0.109495 0.090983 0.105032 0.083133 0.104698 0.078441 0.107083 0.109583 0.096559 0.099425 0.093598 0.100774 0.113040 0.101872 0.055843 0.107511 0.100791 0.087436 0.079064 0.092659 0.069737 0.082062 0.102643 0.104075 0.059472 0.096579 0.081251 0.082429 0.062143 0.040634 0.055543 0.057450 0.113636 0.103022 0.101780 0.128025 0.122047 0.106699 0.132667 0.173027 0.100771 0.093769 0.053198 0.086924 0.059787 0.141900 0.188629 0.088930 0.088671 0.102649 0.106180 0.081573 0.162243 0.103220 0.078659 0.071012 0.073972 0.090332 0.096057 0.101420 0.107568 0.058032 0.123176 0.082264 0.077536 0.136708 0.090698 0.094418 0.141186 0.125396 0.090489 0.117612 0.107329 0.064021 0.096526 0.078580 0.118275 0.095835 0.119869 0.084613 0.070817 0.100476 0.047065 0.091129 0.050040 0.097308 0.067831 0.115820 0.083113 0.082755 0.058248 0.039603 0.074572 0.067830 0.105989 0.082754 0.100196 0.063224 0.080614 0.099667 0.001492 0.064331 0.077572 0.097673 0.102719 0.113950 0.067246 0.097192 0.108269 0.093511 0.095928 0.118720 0.114454 0.087863 0.086070 0.112129 0.070641 0.095902 0.048876 0.115237 0.093598 0.100814 0.081034 0.129566 0.085469 0.082289 0.124411 0.093632 0.095843 0.082182 0.105287 0.094637 0.087436 0.095126 0.095061 0.093446 0.087123 0.063362 0.099513 0.080984 0.127932 0.150385 0.064361 0.086322 0.125628 0.079551 0.066952 0.122926 0.100781 0.078402 0.078328 0.101072 0.071439 
0.185433 0.120303 0.125753 0.079805 0.077698 0.072851 0.068650 0.093317 0.118801 0.260831 0.133692 0.103691 0.045690 0.052599 0.155506 0.059166 1.000000 0.044426 0.324879 0.154250 0.070449 0.091153 0.092706 0.102029 0.072292 0.077401 0.082963 0.074024 0.104487 0.141316 0.058645 0.118078 0.073153 0.074167 0.096336 0.103180 0.091338 0.093335 0.082945 0.114188 0.083962 0.098114 0.061673 0.075049 0.114967 0.093116 0.107474 0.117146 0.091583 0.082001 0.084603 0.091034 0.093790 0.093682 0.057522 0.055868 0.190488 0.134136 0.102513 0.086928 0.040753 0.049513 0.090444 0.103194 0.082780 0.063366 0.090105 0.066170 0.025672 0.062780 0.133639 0.113535 0.102359 0.077493 0.131141 0.196907 0.066517 0.081435 0.128703 0.033487 0.220658 0.108939 0.179466 0.099308 0.083922 0.064888 0.149259 0.169536 0.087009 0.023857 0.092183 0.078634 0.084752 0.074522 0.118092 0.100308 0.073333 0.070838 0.071095 0.081184 0.113819 0.109113 0.098594 0.057196 0.123601 0.117172 0.125809 0.096662 0.080791 0.122841 0.070774 0.203014 0.081211 0.068037 0.059613 0.070378 0.128048 0.090879 0.121574 0.113156 0.110620 0.093867 0.102298 0.192495 0.084744 0.084756 0.058356 0.124605 0.076508 0.117030 0.075863 0.051169 0.089040 0.093672 0.115923 0.000879 0.054543 0.069258 0.093388 0.109352 0.092700 0.104434 0.096232 0.079088 0.176640 0.021590 0.032795 0.108241 0.072264 0.065514 0.120375 0.067315 0.148115 0.041538 0.082924 0.077218 0.073774 0.095132 0.142440 0.045210 0.081974 0.093485 0.071540 0.122746 0.126723 0.091356 0.086442 0.093303 0.146815 0.026644 0.116281 0.091374 0.073793 0.106054 0.081361 0.109926 0.101373 0.029226 0.089715 0.076842 0.093187 0.069706 0.105376 0.120812 0.078407 0.081980 0.042634 0.019134 
0.067738 0.087467 0.082231 0.086291 0.104822 0.049826 0.072215 0.074409 0.081670 0.063315 0.075019 0.094219 0.079728 0.080620 0.081593 0.118796 0.044426 1.000000 0.062733 0.068256 0.101779 0.077274 0.091445 0.066857 0.061532 0.085288 0.025153 0.050856 0.016347 0.045049 0.074877 0.072163 0.085058 0.068822 0.066360 0.082471 0.073805 0.083566 0.059203 0.076904 0.052923 0.077390 0.087569 0.067357 0.074687 0.076700 0.073067 0.086542 0.074665 0.040481 0.083278 0.071860 0.061201 0.062409 0.079425 0.055865 0.056463 0.082315 0.074769 0.037385 0.078980 0.055987 0.054761 0.036619 0.021949 0.029821 0.035037 0.083767 0.088657 0.075102 0.091986 0.090128 0.073822 0.104498 0.135564 0.078628 0.081456 0.037750 0.073434 0.049562 0.103130 0.151446 0.072717 0.070991 0.067498 0.085043 0.064134 0.120267 0.081880 0.071242 0.055248 0.058326 0.070784 0.075516 0.066571 0.076697 0.043854 0.100782 0.063013 0.061490 0.105820 0.070744 0.067337 0.105057 0.088589 0.074195 0.088295 0.081844 0.047100 0.067293 0.061639 0.080604 0.070396 0.095693 0.064917 0.050019 0.072137 0.027391 0.063406 0.023056 0.070840 0.044913 0.087293 0.053156 0.052752 0.038262 0.022349 0.064491 0.051152 0.075782 0.063100 0.076460 0.036170 0.056220 0.077639 0.002029 0.047677 0.057794 0.073701 0.076848 0.084288 0.053749 0.074355 0.079905 0.065359 0.072061 0.086503 0.089647 0.065560 0.066136 0.084545 0.049091 0.077157 0.041948 0.081967 0.071682 0.079334 0.066776 0.096174 0.065618 0.057335 0.090615 0.073264 0.071783 0.064746 0.074335 0.065870 0.066295 0.067162 0.069531 0.076997 0.059273 0.045117 0.077271 0.056379 0.096821 0.114330 0.052918 0.061464 0.093674 0.054202 0.045575 0.096433 0.077782 0.065685 0.053570 0.083811 0.062587 
0.143346 0.104510 0.165571 0.105855 0.101775 0.112833 0.108562 0.119266 0.133857 0.197938 0.140194 0.144130 0.080175 0.088744 0.143927 0.083449 0.324879 0.062733 0.324376 0.149445 0.092605 0.135084 0.121130 0.132679 0.099708 0.100345 0.085789 0.089643 0.103917 0.157241 0.083612 0.122988 0.086064 0.099985 0.118905 0.125106 0.093894 0.110237 0.106070 0.118392 0.107001 0.129133 0.086472 0.100693 0.133559 0.111944 0.117870 0.139058 0.121573 0.098772 0.103146 0.121419 0.120245 0.072513 0.074917 0.066714 0.135533 0.124654 0.129261 0.105183 0.063224 0.070882 0.107015 0.116300 0.098538 0.072157 0.108703 0.089610 0.055157 0.085676 0.147248 0.126015 0.129817 0.109273 0.147123 0.122975 0.083895 0.094585 0.128026 0.048949 0.174667 0.137076 0.121637 0.109333 0.128999 0.090882 0.119902 0.138729 0.104925 0.039726 0.091297 0.090481 0.107321 0.098952 0.149583 0.120075 0.097451 0.077108 0.099815 0.097552 0.142384 0.116783 0.128918 0.080926 0.192335 0.110626 0.165186 0.131758 0.092202 0.133080 0.081910 0.159821 0.106030 0.078258 0.080694 0.102966 0.184618 0.107588 0.135597 0.132102 0.124350 0.116381 0.119164 0.143553 0.118820 0.100393 0.077891 0.119760 0.091590 0.142250 0.091136 0.075948 0.090057 0.114839 0.123831 0.001014 0.073301 0.090675 0.108012 0.111695 0.123219 0.072359 0.114475 0.099827 0.156471 0.053633 0.075385 0.122872 0.100579 0.086559 0.149992 0.085599 0.150198 0.046880 0.113245 0.092219 0.084971 0.104305 0.160774 0.073801 0.111230 0.123799 0.077646 0.093240 0.114276 0.130398 0.130947 0.110549 0.138949 0.058196 0.131700 0.116247 0.083211 0.105184 0.104193 0.135532 0.145097 0.043712 0.117558 0.123577 0.105271 0.098400 0.131304 0.129443 0.079668 0.102970 0.069912 0.037828 
0.127310 0.078964 0.158775 0.133820 0.098935 0.096305 0.130477 0.129467 0.138547 0.117673 0.135633 0.141225 0.091713 0.121692 0.150970 0.098025 0.154250 0.068256 0.149445 1.000000 0.065559 0.117987 0.147241 0.133709 0.154719 0.072493 0.070313 0.120920 0.085106 0.163060 0.078964 0.103632 0.077533 0.073440 0.158092 0.149479 0.066859 0.075633 0.127961 0.126163 0.157234 0.162757 0.095189 0.101845 0.123841 0.092260 0.144789 0.167486 0.143792 0.137163 0.110674 0.157417 0.145869 0.063654 0.073210 0.048661 0.117488 0.104193 0.133523 0.108468 0.082594 0.091309 0.101243 0.113050 0.110398 0.071368 0.120481 0.106479 0.061044 0.098897 0.163810 0.149525 0.196901 0.136533 0.151824 0.097396 0.060825 0.159678 0.067545 0.039195 0.134509 0.150056 0.095864 0.080246 0.202692 0.103859 0.097547 0.124068 0.092082 0.022312 0.091796 0.078587 0.106479 0.107195 0.238982 0.124763 0.069209 0.067086 0.089290 0.088666 0.198556 0.097649 0.176755 0.094076 0.195879 0.098460 0.185955 0.129808 0.103111 0.150319 0.063925 0.183204 0.117541 0.073530 0.078241 0.125694 0.183609 0.138479 0.171790 0.186872 0.143845 0.145062 0.127006 0.148370 0.158287 0.108132 0.127059 0.075598 0.079640 0.174664 0.080931 0.093457 0.117480 0.135167 0.122612 0.001509 0.077676 0.125763 0.118221 0.092623 0.146015 0.046962 0.109809 0.117618 0.165054 0.024317 0.073350 0.119517 0.128601 0.108546 0.181176 0.111181 0.126217 0.042407 0.162403 0.093193 0.103228 0.068558 0.163477 0.091007 0.152558 0.169380 0.082157 0.074459 0.096875 0.163016 0.166144 0.109344 0.159632 0.031976 0.094981 0.187299 0.097296 0.108120 0.129841 0.140176 0.176644 0.049077 0.148953 0.158063 0.167884 0.149035 0.144043 0.121808 0.038776 0.138469 0.092874 0.041989 
0.165177 0.138642 0.105649 0.097931 0.118355 0.058252 0.080448 0.092783 0.119403 0.083815 0.118129 0.143646 0.091093 0.069258 0.088135 0.112418 0.070449 0.101779 0.092605 0.065559 1.000000 0.113890 0.095438 0.099009 0.039893 0.140532 0.053026 0.040355 0.044095 0.052465 0.102583 0.109315 0.124959 0.111919 0.066168 0.108039 0.111405 0.126071 0.083492 0.093290 0.060412 0.067372 0.101869 0.135885 0.110108 0.104163 0.080715 0.136615 0.093815 0.083310 0.100878 0.049003 0.073800 0.096919 0.084467 0.113900 0.067754 0.120959 0.092581 0.047013 0.076146 0.072936 0.074414 0.050023 0.020426 0.054287 0.041373 0.100111 0.101979 0.096528 0.089681 0.082145 0.048408 0.098122 0.141311 0.118680 0.227394 0.061700 0.214959 0.082947 0.153170 0.156408 0.119497 0.136295 0.016904 0.106274 0.117398 0.162477 0.125288 0.117064 0.095933 0.104758 0.113587 0.117689 0.062633 0.094979 0.081663 0.136842 0.096023 0.092448 0.168471 0.098491 0.067299 0.109556 0.094963 0.113593 0.135005 0.106715 0.071990 0.073878 0.116947 0.087261 0.094226 0.124778 0.098941 0.041327 0.093933 0.019028 0.060899 0.013003 0.083209 0.055323 0.095487 0.071686 0.035375 0.048630 0.029906 0.135630 0.087894 0.064580 0.095513 0.075300 0.039886 0.073557 0.120437 0.000292 0.070046 0.076753 0.081228 0.120995 0.104103 0.109228 0.115323 0.082009 0.073105 0.126987 0.112022 0.140127 0.079465 0.076385 0.093033 0.036646 0.212325 0.079047 0.078155 0.086268 0.083725 0.105642 0.117129 0.066635 0.063917 0.098252 0.092839 0.112227 0.111117 0.075126 0.046181 0.105618 0.090048 0.121314 0.131439 0.013152 0.055034 0.099528 0.058117 0.128284 0.107318 0.064505 0.061889 0.095588 0.049860 0.020362 0.111799 0.109257 0.145857 0.033790 0.091319 0.125249 
0.140501 0.109755 0.220669 0.113792 0.150983 0.121274 0.134539 0.131244 0.173715 0.082158 0.194884 0.223170 0.079338 0.090432 0.167627 0.098609 0.091153 0.077274 0.135084 0.117987 0.113890 0.564774 0.186712 0.190322 0.109885 0.166260 0.097921 0.109291 0.161145 0.230077 0.081617 0.159441 0.101489 0.230810 0.166761 0.159993 0.097780 0.108366 0.132387 0.128252 0.099576 0.135768 0.115610 0.114451 0.204877 0.131767 0.146920 0.129154 0.106839 0.064753 0.139256 0.133762 0.140942 0.083183 0.074495 0.077141 0.121255 0.152371 0.190327 0.157330 0.076119 0.071192 0.104996 0.177138 0.195975 0.099287 0.195999 0.091671 0.077664 0.097128 0.201320 0.158969 0.159303 0.132100 0.150890 0.128383 0.107673 0.069650 0.091301 0.066298 0.169667 0.157188 0.163112 0.114348 0.154744 0.116920 0.115874 0.152179 0.135126 0.056418 0.105593 0.106957 0.139485 0.118147 0.125589 0.142200 0.140063 0.098454 0.141434 0.150157 0.147503 0.126527 0.185042 0.095855 0.244179 0.200880 0.189586 0.186681 0.132967 0.167820 0.118372 0.176654 0.112440 0.108083 0.120050 0.147198 0.262083 0.196794 0.207089 0.205915 0.159128 0.173095 0.120255 0.204538 0.132140 0.118684 0.126530 0.136911 0.101186 0.216856 0.118876 0.083284 0.071055 0.135767 0.159532 0.002890 0.095437 0.105518 0.164972 0.119700 0.165674 0.092961 0.156096 0.116402 0.199928 0.058730 0.070997 0.163268 0.125607 0.106249 0.215937 0.105196 0.127405 0.058686 0.129338 0.121714 0.095885 0.089551 0.197697 0.082771 0.156567 0.170288 0.088483 0.142761 0.174855 0.142256 0.175440 0.136441 0.143572 0.061048 0.175663 0.145665 0.105991 0.139833 0.119024 0.172998 0.226925 0.048280 0.162861 0.145127 0.139126 0.140028 0.152089 0.177590 0.091529 0.134735 0.071205 0.050465 
0.137820 0.093907 0.219836 0.131432 0.139143 0.099979 0.140350 0.140896 0.192971 0.089791 0.158996 0.168415 0.099225 0.121334 0.183845 0.123709 0.092706 0.091445 0.121130 0.147241 0.095438 0.186712 0.637809 0.155745 0.137662 0.109460 0.080376 0.129619 0.085547 0.184869 0.085299 0.130910 0.093298 0.100070 0.171390 0.154191 0.085197 0.097263 0.156855 0.144915 0.117266 0.165647 0.160162 0.114586 0.164410 0.120071 0.164300 0.136096 0.125180 0.066917 0.138134 0.164450 0.138913 0.085461 0.086267 0.056757 0.126862 0.141911 0.248342 0.238672 0.120775 0.094565 0.148528 0.283114 0.320656 0.177145 0.321510 0.129754 0.084975 0.139499 0.310054 0.249747 0.201452 0.210728 0.187823 0.135217 0.088142 0.076484 0.074411 0.047103 0.190802 0.198368 0.148387 0.097715 0.189107 0.171456 0.120561 0.184887 0.120123 0.037700 0.114464 0.097876 0.121597 0.114000 0.160875 0.144683 0.094220 0.101111 0.114255 0.105678 0.170511 0.119079 0.209015 0.117932 0.255537 0.122695 0.190157 0.163157 0.153206 0.187124 0.084084 0.217719 0.119311 0.112110 0.096904 0.137076 0.240648 0.286321 0.301011 0.248689 0.219397 0.183399 0.146150 0.186927 0.147059 0.122757 0.128568 0.100682 0.095204 0.331834 0.095830 0.102415 0.108515 0.153961 0.152886 0.011724 0.083776 0.103825 0.245297 0.124816 0.171499 0.092724 0.125284 0.137124 0.196789 0.036009 0.073977 0.149600 0.119368 0.110411 0.238178 0.121958 0.121941 0.049179 0.154318 0.111944 0.115141 0.083701 0.209348 0.119010 0.171306 0.223381 0.099786 0.105766 0.138012 0.163550 0.183022 0.132644 0.171344 0.042601 0.125127 0.187567 0.116712 0.172038 0.121204 0.162982 0.216916 0.052841 0.174679 0.148892 0.166145 0.155987 0.171398 0.148280 0.063678 0.183789 0.092718 0.031103 
