1.000000 0.014050 0.018509 0.523028 0.421178 0.224082 0.014422 0.631213 0.076241 0.064184 0.408852 0.099717 0.044638 0.377175 0.323141 0.100669 0.234020 0.199125 0.326946 0.389600 0.023109 0.049572 0.096302 0.553503 0.356038 0.065229 0.098503 0.060907 0.188191 0.086560 0.134345 0.288280 0.100997 0.121836 0.065503 0.057800 0.057048 0.120459 0.125898 0.091534 0.332271 0.098016 0.055225 0.142840 0.171136 0.217407 0.176084 0.097357 0.383128 0.096000 0.079974 0.087493 0.155690 0.111775 0.071241 0.137016 0.096983 0.138150 0.181919 0.071653 0.100185 0.279295 0.159718 0.164720 0.068161 0.131689 0.098098 0.065127 0.110613 0.156480 0.087898 0.069879 0.255173 0.161485 0.178636 0.184254 0.093792 0.068696 0.223220 0.163458 0.088421 0.056325 0.053660 0.099342 0.034204 0.033975 0.136437 0.200697 0.089928 0.101445 0.012051 0.169448 0.017539 0.121986 0.203283 0.175594 0.119338 0.105697 0.033116 0.182285 0.062726 0.186852 0.075334 0.003244 0.117708 0.025123 0.150190 0.158319 0.043445 0.056376 0.143910 0.018977 0.033553 0.060907 0.189626 0.215644 0.085926 0.255855 0.060150 0.034508 0.103764 0.124120 0.065171 0.111635 0.091869 0.052694 0.012665 0.210960 0.075133 0.131345 0.025479 0.174467 0.157796 0.089208 0.133044 0.073212 0.124005 0.076460 0.057875 0.028510 0.199716 0.184986 0.050854 0.039440 0.076015 0.030311 0.100357 0.094139 0.122565 0.013220 0.045607 0.038634 0.025701 0.047638 0.020470 0.085180 0.121449 0.099011 0.117415 0.012113 0.014933 0.066443 0.124624 0.214153 0.098606 0.080885 0.092420 0.103528 0.098334 0.044864 0.038677 0.026136 0.004468 0.165523 0.129348 0.036118 0.059695 0.018698 0.033907 0.054045 0.068868 0.027348 0.028070 0.101670 0.075640 0.178969 0.003444 0.294973 0.048438 
0.014050 1.000000 0.029708 0.041123 0.017448 0.210102 0.036839 0.041703 0.028151 0.017849 0.055695 0.098725 0.180529 0.072038 0.094755 0.074895 0.176270 0.096578 0.052858 0.056068 0.174798 0.106285 0.100806 0.011406 0.084700 0.060846 0.091099 0.076841 0.070445 0.070634 0.077680 0.098637 0.052875 0.097312 0.090385 0.069805 0.091889 0.076480 0.102958 0.101503 0.152894 0.125515 0.065388 0.087445 0.153572 0.064373 0.060809 0.059310 0.190656 0.067838 0.054603 0.078711 0.144259 0.078151 0.040032 0.089536 0.053099 0.054665 0.068192 0.059230 0.084559 0.171022 0.092547 0.100917 0.060928 0.060526 0.094361 0.095410 0.086651 0.098788 0.094980 0.088343 0.102889 0.090983 0.076976 0.127943 0.038257 0.065233 0.125618 0.091660 0.019059 0.048478 0.054642 0.117021 0.062952 0.046160 0.055046 0.085392 0.164101 0.056612 0.048499 0.081079 0.065392 0.061537 0.143118 0.096752 0.073708 0.079824 0.046820 0.071394 0.060663 0.070622 0.066528 0.032829 0.089371 0.065445 0.050141 0.138486 0.046170 0.054852 0.085888 0.092982 0.057936 0.054151 0.068745 0.115502 0.054098 0.135316 0.062292 0.051792 0.104833 0.060247 0.064290 0.083900 0.075467 0.086503 0.075359 0.129594 0.061268 0.052548 0.030907 0.083149 0.052344 0.060904 0.063752 0.045874 0.054129 0.072411 0.062991 0.058404 0.048224 0.063981 0.064877 0.053678 0.055286 0.077215 0.086690 0.075004 0.055480 0.052946 0.062554 0.092958 0.035939 0.051395 0.053401 0.067635 0.072444 0.055056 0.098830 0.052303 0.067706 0.055276 0.074726 0.061288 0.044119 0.048386 0.082693 0.069937 0.067360 0.075003 0.072418 0.078944 0.047318 0.050893 0.105398 0.080244 0.125123 0.055155 0.086251 0.080396 0.150065 0.068832 0.040510 0.116069 0.215967 0.005866 0.013140 0.034021 0.100396 
0.018509 0.029708 1.000000 0.041452 0.098174 0.029046 0.065155 0.021100 0.238096 0.023398 0.019250 0.050427 0.077282 0.107931 0.121195 0.093127 0.046247 0.126500 0.072751 0.073663 0.084533 0.137699 0.136450 0.023891 0.120433 0.080042 0.046568 0.075738 0.053798 0.098781 0.079981 0.027693 0.063575 0.088414 0.076718 0.041490 0.097733 0.072995 0.053817 0.079657 0.058388 0.056963 0.052539 0.088485 0.068399 0.067055 0.075532 0.022220 0.027352 0.054487 0.052581 0.080416 0.070089 0.070712 0.046517 0.097996 0.062897 0.052017 0.077183 0.064288 0.081100 0.103990 0.087936 0.085726 0.061508 0.071105 0.078192 0.114802 0.085481 0.095903 0.097097 0.100846 0.111294 0.116392 0.082708 0.103304 0.039317 0.069749 0.085975 0.130960 0.054639 0.035648 0.064261 0.091172 0.063634 0.034338 0.069421 0.082567 0.099531 0.070527 0.073559 0.085482 0.077835 0.072933 0.111258 0.100456 0.026609 0.114998 0.044798 0.070662 0.053367 0.075068 0.070931 0.043308 0.102060 0.063251 0.048712 0.133250 0.050011 0.039891 0.083980 0.086395 0.049090 0.056954 0.072190 0.042964 0.059703 0.016973 0.059961 0.041332 0.108311 0.057600 0.065506 0.093674 0.083266 0.085890 0.070303 0.069691 0.031313 0.051457 0.037975 0.111317 0.064817 0.070324 0.079214 0.052948 0.050667 0.064379 0.076900 0.059149 0.014963 0.049578 0.133653 0.041966 0.043424 0.069016 0.083083 0.079961 0.056172 0.041699 0.052387 0.066566 0.030160 0.045205 0.051718 0.073736 0.052514 0.035394 0.120608 0.078414 0.075500 0.066309 0.056576 0.069427 0.049762 0.041078 0.074471 0.091495 0.064710 0.092593 0.076688 0.085529 0.049370 0.083264 0.103629 0.097029 0.158455 0.077817 0.090681 0.081952 0.173740 0.096846 0.028256 0.128824 0.103828 0.005750 0.004581 0.076772 0.080034 
0.523028 0.041123 0.041452 1.000000 0.385996 0.263828 0.018817 0.452740 0.114892 0.087459 0.352814 0.257815 0.096609 0.293141 0.271236 0.083498 0.221344 0.192239 0.219682 0.282072 0.092056 0.086393 0.110288 0.308844 0.282245 0.082333 0.131935 0.079083 0.148937 0.100901 0.154091 0.190703 0.105721 0.135360 0.089152 0.068847 0.080717 0.109218 0.138510 0.118138 0.284066 0.104837 0.091954 0.156081 0.196313 0.165981 0.153841 0.111315 0.251431 0.106613 0.098340 0.100656 0.171279 0.130578 0.099208 0.139476 0.098166 0.132251 0.160968 0.078470 0.098808 0.291233 0.153568 0.169209 0.099668 0.136778 0.108588 0.086234 0.113253 0.147940 0.095860 0.133289 0.235849 0.127344 0.167133 0.183490 0.098902 0.078642 0.230218 0.153899 0.106342 0.073952 0.076358 0.128830 0.060703 0.076807 0.129986 0.173158 0.141117 0.092255 0.061642 0.176395 0.045432 0.123399 0.224716 0.144041 0.115645 0.122034 0.030312 0.169777 0.075195 0.175933 0.110620 0.010409 0.127171 0.040575 0.153007 0.197400 0.031230 0.068410 0.157676 0.030317 0.039122 0.091032 0.160045 0.207756 0.079963 0.185332 0.083942 0.072332 0.131624 0.126131 0.095995 0.124961 0.115110 0.051439 0.027661 0.212451 0.100109 0.140788 0.017294 0.187303 0.171375 0.100161 0.137707 0.086136 0.150524 0.081915 0.099194 0.067106 0.123821 0.161733 0.062045 0.021263 0.069578 0.016968 0.104885 0.119373 0.112350 0.046634 0.064934 0.058188 0.037642 0.030300 0.062620 0.125964 0.144567 0.121515 0.138923 0.039733 0.047689 0.089367 0.133457 0.195110 0.087818 0.099915 0.123884 0.106749 0.109628 0.066120 0.062343 0.042808 0.010579 0.137156 0.203692 0.062294 0.116784 0.036158 0.059799 0.077865 0.122485 0.056979 0.069085 0.160697 0.127826 0.139682 0.003717 0.261938 0.086467 
0.421178 0.017448 0.098174 0.385996 1.000000 0.064579 0.053632 0.374636 0.153853 0.097643 0.294368 0.175305 0.053223 0.334801 0.249580 0.135974 0.186552 0.202295 0.255938 0.320576 0.084684 0.162367 0.148301 0.406447 0.308695 0.105418 0.132255 0.106638 0.183231 0.112064 0.164094 0.187489 0.130532 0.160904 0.113157 0.083447 0.115608 0.131696 0.137045 0.141131 0.279839 0.107168 0.103740 0.168575 0.187168 0.202640 0.173703 0.115817 0.228922 0.130054 0.125249 0.127939 0.169684 0.146189 0.115946 0.161166 0.107181 0.147058 0.155404 0.106532 0.131229 0.263389 0.164529 0.170120 0.112162 0.162247 0.126850 0.125423 0.133603 0.179386 0.129991 0.142805 0.240973 0.160511 0.189979 0.189694 0.102944 0.101781 0.221288 0.186402 0.121545 0.085291 0.106544 0.139873 0.094785 0.079711 0.131850 0.189677 0.148659 0.111282 0.080242 0.198241 0.082953 0.149676 0.212987 0.153930 0.145218 0.148986 0.062862 0.185901 0.100490 0.181701 0.121873 0.044544 0.164324 0.073163 0.169402 0.200226 0.034394 0.095029 0.180899 0.063587 0.078954 0.105220 0.191965 0.194468 0.116520 0.170017 0.112169 0.096237 0.160691 0.157445 0.118616 0.161352 0.149289 0.097141 0.070808 0.172680 0.105253 0.152467 0.031644 0.181987 0.184750 0.118161 0.163739 0.109835 0.141643 0.132004 0.126669 0.090972 0.142112 0.173988 0.095623 0.039406 0.097538 0.062930 0.105459 0.137386 0.123136 0.086689 0.113106 0.091048 0.052890 0.041668 0.086100 0.121450 0.153299 0.134178 0.159594 0.096696 0.096621 0.119742 0.153584 0.228282 0.086971 0.101835 0.145147 0.140205 0.092376 0.099513 0.089902 0.080937 0.036984 0.174913 0.221662 0.104188 0.163253 0.075772 0.098780 0.100556 0.168820 0.098526 0.086219 0.190111 0.074526 0.145121 0.002901 0.263033 0.114033 
0.224082 0.210102 0.029046 0.263828 0.064579 1.000000 0.022560 0.223300 0.026818 0.021579 0.180134 0.202519 0.250115 0.123663 0.175654 0.060799 0.190745 0.105512 0.101360 0.120551 0.156524 0.067482 0.063882 0.097635 0.131512 0.056593 0.067675 0.058039 0.082546 0.050806 0.080809 0.115829 0.049090 0.089428 0.070650 0.061481 0.059694 0.070910 0.107781 0.090626 0.175931 0.082340 0.064786 0.100256 0.167258 0.081008 0.070282 0.083510 0.191238 0.072776 0.055109 0.072747 0.143414 0.072682 0.035072 0.072723 0.051742 0.063403 0.076773 0.052653 0.066237 0.191542 0.088535 0.107513 0.057252 0.070610 0.090700 0.059221 0.071655 0.099172 0.068317 0.076143 0.128978 0.071544 0.081366 0.119742 0.052448 0.050273 0.149061 0.078145 0.026999 0.050972 0.048301 0.092556 0.052160 0.055810 0.060887 0.091749 0.134441 0.050599 0.035227 0.088024 0.042769 0.060058 0.149760 0.084336 0.071774 0.061725 0.050733 0.081164 0.058725 0.099072 0.054847 0.012323 0.077458 0.043595 0.079365 0.167201 0.009743 0.054807 0.093700 0.038281 0.038246 0.046873 0.076200 0.130725 0.052781 0.154089 0.070328 0.039805 0.085995 0.068916 0.055240 0.078497 0.071614 0.050425 0.040060 0.142352 0.082138 0.062623 0.012034 0.083990 0.060802 0.062164 0.064856 0.045376 0.058635 0.049159 0.050335 0.049224 0.069130 0.089553 0.033423 0.025831 0.054248 0.035744 0.070557 0.078349 0.063632 0.042181 0.048980 0.059401 0.032041 0.020725 0.048512 0.067340 0.099235 0.069557 0.079216 0.029458 0.050352 0.051550 0.083324 0.084557 0.055306 0.063762 0.080718 0.065905 0.084958 0.046729 0.050819 0.044158 0.022810 0.067502 0.120452 0.053038 0.079373 0.026959 0.058067 0.067516 0.094199 0.056940 0.048815 0.114107 0.186338 0.037764 0.013901 0.066183 0.066580 
0.014422 0.036839 0.065155 0.018817 0.053632 0.022560 1.000000 0.017315 0.080339 0.009429 0.019342 0.027780 0.050095 0.051986 0.081413 0.094675 0.043012 0.075036 0.056861 0.046176 0.048664 0.160818 0.104271 0.013543 0.075947 0.067942 0.043622 0.063282 0.053799 0.057040 0.060957 0.025475 0.057321 0.075883 0.067458 0.037709 0.083935 0.057035 0.039296 0.066267 0.025427 0.049085 0.052359 0.077054 0.052709 0.043966 0.059707 0.018028 0.024151 0.053705 0.071129 0.072839 0.055185 0.068468 0.036871 0.070204 0.040055 0.034944 0.037687 0.055654 0.071430 0.047013 0.055258 0.041749 0.050325 0.061297 0.075261 0.107519 0.054365 0.083602 0.079401 0.066842 0.044116 0.080164 0.058129 0.076141 0.031523 0.059375 0.044419 0.060367 0.023524 0.022945 0.072415 0.065721 0.087707 0.024502 0.043503 0.048096 0.093436 0.038422 0.065905 0.119307 0.090603 0.068459 0.034231 0.038297 0.074696 0.079088 0.060516 0.069260 0.059106 0.079796 0.063618 0.068573 0.092969 0.072159 0.053369 0.094637 0.105094 0.076391 0.067157 0.104527 0.071201 0.072824 0.059715 0.025456 0.062304 0.026373 0.066352 0.068017 0.095275 0.052646 0.059523 0.076708 0.058737 0.090040 0.095607 0.046322 0.028234 0.051805 0.080073 0.035986 0.063849 0.047413 0.081535 0.055735 0.042526 0.077920 0.059136 0.064342 0.013102 0.052301 0.082923 0.110999 0.046446 0.130656 0.110451 0.064834 0.058602 0.054209 0.078632 0.085820 0.042475 0.111340 0.077844 0.065521 0.043561 0.042237 0.084601 0.105017 0.106785 0.085276 0.058882 0.041053 0.046233 0.027134 0.062795 0.082920 0.068983 0.075047 0.065499 0.093205 0.060316 0.052964 0.058944 0.098280 0.117563 0.086011 0.089295 0.082430 0.113363 0.073222 0.061612 0.082696 0.089881 0.009136 0.002838 0.020358 0.066092 
0.631213 0.041703 0.021100 0.452740 0.374636 0.223300 0.017315 1.000000 0.074182 0.063023 0.455482 0.145556 0.070681 0.357164 0.317162 0.103147 0.261546 0.199649 0.304097 0.388687 0.058796 0.075681 0.105717 0.522262 0.335576 0.075242 0.112934 0.069375 0.195319 0.092661 0.149385 0.269086 0.104333 0.135686 0.081024 0.068925 0.073779 0.122251 0.130708 0.104477 0.332973 0.108205 0.071477 0.154510 0.189595 0.220168 0.163208 0.111090 0.382086 0.109232 0.095448 0.096379 0.175421 0.125096 0.076443 0.136667 0.091800 0.139669 0.173789 0.079487 0.110900 0.285675 0.168491 0.153918 0.081908 0.137623 0.106002 0.083221 0.118415 0.192944 0.096830 0.112988 0.249390 0.156524 0.178601 0.184065 0.090043 0.077479 0.222430 0.163884 0.083351 0.064648 0.065831 0.117811 0.054674 0.057752 0.142779 0.200112 0.126766 0.106904 0.041730 0.170988 0.036232 0.134212 0.224707 0.179643 0.129723 0.110000 0.023771 0.171904 0.072679 0.186785 0.095966 0.007779 0.127369 0.034039 0.153538 0.177639 0.028835 0.076757 0.155093 0.026518 0.036228 0.076912 0.178399 0.213619 0.089441 0.260822 0.074037 0.061711 0.118860 0.134665 0.080711 0.126183 0.101136 0.060585 0.027368 0.205866 0.086497 0.133315 0.014166 0.180968 0.176322 0.093727 0.132140 0.078667 0.124397 0.114451 0.080732 0.051353 0.201531 0.177457 0.049617 0.021279 0.072558 0.021180 0.112093 0.108374 0.127477 0.040237 0.062482 0.051876 0.036656 0.026116 0.047619 0.101161 0.136017 0.108004 0.127086 0.029000 0.036978 0.074789 0.137080 0.213259 0.096842 0.087451 0.113443 0.113140 0.102632 0.060485 0.054669 0.038937 0.006722 0.169354 0.161983 0.052875 0.096629 0.030678 0.051765 0.065892 0.103078 0.049513 0.050363 0.136620 0.109741 0.171063 0.004892 0.262060 0.074347 
0.076241 0.028151 0.238096 0.114892 0.153853 0.026818 0.080339 0.074182 1.000000 0.061542 0.053149 0.101934 0.097828 0.161624 0.164409 0.102034 0.083178 0.167887 0.102466 0.124611 0.097614 0.166502 0.158516 0.067598 0.171266 0.093642 0.069727 0.085275 0.079159 0.118710 0.099838 0.063576 0.084769 0.108651 0.102267 0.058580 0.104414 0.094777 0.074655 0.115612 0.121302 0.079332 0.067997 0.112975 0.117947 0.097184 0.115684 0.053824 0.043044 0.078782 0.078181 0.097986 0.108921 0.096808 0.076455 0.124211 0.083052 0.076521 0.099126 0.081844 0.103601 0.170266 0.128682 0.114441 0.082709 0.111987 0.103318 0.118321 0.102030 0.126037 0.107823 0.113208 0.167743 0.144423 0.103619 0.141040 0.076945 0.083604 0.127799 0.157485 0.102924 0.051675 0.086385 0.107867 0.088704 0.053832 0.098674 0.131189 0.136245 0.093737 0.070242 0.128474 0.085297 0.095667 0.142964 0.130216 0.052314 0.129685 0.059404 0.109470 0.070259 0.119604 0.086781 0.051990 0.134159 0.076266 0.090670 0.143407 0.046300 0.058941 0.110147 0.072034 0.065390 0.084665 0.100060 0.080292 0.085943 0.045151 0.077433 0.063674 0.122141 0.083933 0.089826 0.109718 0.109964 0.083245 0.077529 0.093111 0.054049 0.090006 0.038299 0.135350 0.091339 0.091148 0.109708 0.073011 0.077143 0.086451 0.106068 0.074869 0.035088 0.091141 0.138996 0.041795 0.060972 0.071597 0.088293 0.109225 0.093948 0.061875 0.090861 0.071682 0.039961 0.041990 0.071065 0.088348 0.094029 0.067669 0.138098 0.088118 0.097929 0.098860 0.096131 0.104242 0.062989 0.063768 0.105225 0.127100 0.090561 0.092034 0.086753 0.084193 0.048645 0.108780 0.143030 0.106126 0.160085 0.085474 0.098341 0.110414 0.174266 0.118365 0.043341 0.157274 0.088001 0.028744 0.002325 0.134705 0.097353 
0.064184 0.017849 0.023398 0.087459 0.097643 0.021579 0.009429 0.063023 0.061542 1.000000 0.048958 0.059143 0.034989 0.112955 0.079733 0.074769 0.070775 0.095215 0.062710 0.083317 0.035373 0.075429 0.062424 0.069253 0.099944 0.056861 0.061736 0.068854 0.069144 0.101520 0.104999 0.072851 0.084066 0.114886 0.079963 0.075719 0.086722 0.082922 0.087388 0.084887 0.151746 0.064303 0.073228 0.091653 0.120622 0.153574 0.112591 0.100390 0.079572 0.088389 0.066626 0.080175 0.125445 0.079647 0.396688 0.120218 0.064498 0.098125 0.108600 0.081923 0.066166 0.150348 0.104815 0.160203 0.074668 0.125011 0.114577 0.066208 0.067702 0.104222 0.091946 0.084384 0.189886 0.085914 0.152640 0.128206 0.336279 0.060396 0.152252 0.104477 0.623238 0.062267 0.081629 0.094193 0.048570 0.058962 0.095542 0.135440 0.102450 0.237845 0.028785 0.167769 0.040332 0.098804 0.144500 0.099788 0.051001 0.117905 0.020345 0.217639 0.063013 0.099350 0.070633 0.016296 0.118239 0.032292 0.120558 0.138900 0.014926 0.057765 0.128908 0.025411 0.036482 0.089305 0.133868 0.130992 0.060365 0.056049 0.073724 0.053145 0.095618 0.106969 0.087980 0.101846 0.137363 0.036532 0.022925 0.103397 0.062371 0.108840 0.008326 0.114309 0.102241 0.093524 0.263343 0.075931 0.110094 0.053698 0.460916 0.047215 0.043452 0.098210 0.045165 0.008240 0.077654 0.016110 0.077229 0.099024 0.095603 0.035664 0.081742 0.040565 0.036936 0.010114 0.040655 0.074064 0.165950 0.152344 0.115274 0.056005 0.052171 0.082013 0.117824 0.168611 0.062277 0.083325 0.109713 0.089237 0.089408 0.059775 0.050659 0.028926 0.016662 0.107350 0.116448 0.037802 0.078655 0.023230 0.035323 0.035020 0.076995 0.030605 0.057819 0.100185 0.049300 0.126884 0.000707 0.250525 0.094519 
0.408852 0.055695 0.019250 0.352814 0.294368 0.180134 0.019342 0.455482 0.053149 0.048958 1.000000 0.181914 0.073219 0.261500 0.231822 0.090659 0.233757 0.144601 0.201794 0.277795 0.075992 0.071951 0.090240 0.362293 0.235046 0.072348 0.113623 0.068914 0.168210 0.080951 0.130372 0.199895 0.092726 0.127162 0.092866 0.063143 0.071091 0.113880 0.121243 0.109059 0.280970 0.106960 0.080526 0.133135 0.170072 0.176793 0.127077 0.098350 0.282727 0.095005 0.087502 0.089227 0.143774 0.112418 0.068096 0.115015 0.076145 0.113119 0.123552 0.073295 0.098059 0.244014 0.138379 0.134141 0.083099 0.116351 0.103847 0.079809 0.106669 0.150020 0.087125 0.144236 0.195919 0.116083 0.149915 0.178014 0.094716 0.069234 0.194893 0.135513 0.060919 0.066230 0.069288 0.125154 0.045240 0.058930 0.126432 0.151526 0.115031 0.071166 0.058299 0.139243 0.042057 0.110320 0.188048 0.130058 0.106428 0.099178 0.023977 0.136630 0.066045 0.145562 0.106063 0.011646 0.109556 0.040831 0.136685 0.163535 0.021967 0.072496 0.138729 0.029148 0.040031 0.086036 0.149950 0.181212 0.077689 0.205939 0.074061 0.073355 0.110672 0.125424 0.074290 0.112988 0.092192 0.060615 0.031050 0.183415 0.077885 0.110846 0.011403 0.148654 0.151339 0.084285 0.112730 0.076267 0.139080 0.090328 0.074365 0.061437 0.152781 0.139390 0.037754 0.014907 0.083247 0.016473 0.114259 0.106900 0.108959 0.044852 0.079101 0.058073 0.031511 0.025649 0.055157 0.106149 0.123632 0.106549 0.117114 0.038236 0.040398 0.062257 0.126243 0.174255 0.088624 0.085006 0.109234 0.103023 0.104887 0.056871 0.050420 0.035275 0.010512 0.121445 0.180771 0.051379 0.104984 0.031341 0.047216 0.051519 0.101264 0.046417 0.054318 0.130757 0.117316 0.148164 0.003016 0.208865 0.083896 
0.099717 0.098725 0.050427 0.257815 0.175305 0.202519 0.027780 0.145556 0.101934 0.059143 0.181914 1.000000 0.139119 0.134389 0.138032 0.077240 0.161634 0.148797 0.088123 0.113321 0.158374 0.120089 0.104383 0.054729 0.147409 0.085753 0.101705 0.088638 0.076092 0.095319 0.134177 0.094621 0.079963 0.114793 0.111105 0.063892 0.090476 0.090576 0.119377 0.131585 0.168567 0.097394 0.101675 0.111319 0.173835 0.095735 0.091954 0.090274 0.112774 0.087882 0.087842 0.103957 0.132158 0.095504 0.083470 0.112817 0.076208 0.070900 0.096636 0.075320 0.084965 0.217961 0.119449 0.145217 0.101866 0.103174 0.113030 0.095783 0.098981 0.100869 0.100012 0.120079 0.147182 0.097211 0.117639 0.168598 0.095876 0.078737 0.168232 0.126498 0.070153 0.076855 0.083161 0.134618 0.070315 0.081177 0.091331 0.105027 0.154008 0.067135 0.081757 0.124494 0.068786 0.088353 0.199188 0.109166 0.056510 0.110975 0.046656 0.113484 0.074201 0.107365 0.106483 0.029595 0.115709 0.053253 0.090561 0.175830 0.018263 0.059154 0.129233 0.058064 0.050924 0.095184 0.098307 0.139814 0.067938 0.090476 0.090776 0.082660 0.123252 0.095519 0.092828 0.116299 0.101228 0.066008 0.051830 0.155610 0.085866 0.109699 0.018135 0.139910 0.092777 0.089145 0.099082 0.072301 0.130084 0.071634 0.108302 0.083865 0.039910 0.093677 0.061843 0.031105 0.077816 0.048834 0.101431 0.113852 0.075422 0.070329 0.082362 0.081742 0.040321 0.024679 0.083389 0.106400 0.124277 0.098352 0.125058 0.066475 0.076712 0.077521 0.107167 0.120600 0.074118 0.086829 0.126391 0.090253 0.108535 0.076470 0.073823 0.064386 0.029682 0.093466 0.220160 0.082214 0.159347 0.056340 0.078734 0.079537 0.158189 0.082239 0.078726 0.176000 0.170860 0.040664 0.001778 0.132251 0.114180 
0.044638 0.180529 0.077282 0.096609 0.053223 0.250115 0.050095 0.070681 0.097828 0.034989 0.073219 0.139119 1.000000 0.113776 0.136080 0.097775 0.146411 0.135979 0.085615 0.091893 0.179169 0.142110 0.126117 0.027731 0.131796 0.079228 0.093105 0.088903 0.078203 0.099040 0.095843 0.087444 0.071218 0.109849 0.105561 0.068161 0.098664 0.093616 0.107033 0.110092 0.137271 0.107920 0.072952 0.104282 0.157513 0.077530 0.077357 0.064530 0.129468 0.077826 0.075243 0.096519 0.138265 0.088456 0.056912 0.104027 0.071682 0.065616 0.093044 0.068800 0.093666 0.177616 0.108148 0.109522 0.077672 0.074902 0.109124 0.110311 0.098151 0.115587 0.106663 0.107024 0.134752 0.121307 0.099250 0.138466 0.059197 0.081288 0.129528 0.124905 0.048906 0.054137 0.079293 0.121200 0.089859 0.057882 0.071784 0.106300 0.159926 0.071449 0.067813 0.099862 0.086316 0.077375 0.158421 0.123694 0.056854 0.110301 0.063367 0.093161 0.073382 0.095843 0.076478 0.044263 0.118095 0.062705 0.067214 0.165663 0.051161 0.061545 0.105574 0.083392 0.070322 0.072718 0.082575 0.113712 0.065651 0.082077 0.084764 0.070739 0.124862 0.072852 0.081496 0.104838 0.089677 0.090957 0.079926 0.120162 0.074384 0.068058 0.032100 0.121176 0.071484 0.076691 0.084802 0.060556 0.072702 0.077157 0.092459 0.077317 0.039200 0.078001 0.082818 0.053545 0.072760 0.073018 0.082075 0.098293 0.073140 0.067634 0.084332 0.084532 0.046587 0.051611 0.077920 0.083060 0.096461 0.071338 0.126582 0.080140 0.098601 0.086128 0.090947 0.086369 0.060599 0.060645 0.099005 0.092982 0.088452 0.090121 0.086936 0.088703 0.053644 0.081058 0.137613 0.103471 0.156180 0.076040 0.102342 0.100158 0.176839 0.097813 0.064973 0.150667 0.154852 0.015010 0.007121 0.074328 0.106956 
0.377175 0.072038 0.107931 0.293141 0.334801 0.123663 0.051986 0.357164 0.161624 0.112955 0.261500 0.134389 0.113776 1.000000 0.314519 0.191528 0.222753 0.303255 0.328160 0.416928 0.114468 0.189481 0.220737 0.503954 0.408942 0.116327 0.147849 0.119792 0.228057 0.176338 0.194273 0.264231 0.156189 0.172160 0.128551 0.089354 0.134406 0.185452 0.174227 0.136415 0.327617 0.146011 0.098862 0.185801 0.196794 0.257831 0.247633 0.116101 0.395800 0.129503 0.113092 0.147685 0.218698 0.158350 0.128227 0.190496 0.165392 0.205838 0.229984 0.116298 0.155789 0.302115 0.240181 0.227350 0.127941 0.203961 0.156292 0.158594 0.174664 0.245290 0.168492 0.128095 0.307727 0.273941 0.230209 0.243366 0.173300 0.119536 0.255089 0.280786 0.163654 0.090914 0.094333 0.187350 0.070922 0.064353 0.219574 0.280045 0.146180 0.185749 0.063320 0.244436 0.076218 0.186635 0.282488 0.275894 0.185853 0.210011 0.028617 0.202937 0.117258 0.204390 0.137851 0.034747 0.189186 0.083063 0.161205 0.220826 0.030423 0.088694 0.199370 0.071326 0.067914 0.108445 0.247996 0.256969 0.143597 0.230693 0.095668 0.077033 0.183866 0.173231 0.116280 0.182891 0.148756 0.121060 0.081488 0.247642 0.103457 0.174861 0.007977 0.263334 0.197462 0.149491 0.205083 0.113478 0.152365 0.146170 0.126947 0.072218 0.224945 0.206672 0.106272 0.009104 0.082588 0.024041 0.157375 0.148007 0.170359 0.066249 0.087239 0.075787 0.045330 0.018180 0.056657 0.178425 0.171876 0.120272 0.198012 0.083727 0.064580 0.112787 0.156205 0.292210 0.125939 0.117030 0.155232 0.150940 0.122091 0.117953 0.095916 0.100284 0.035733 0.225664 0.223832 0.105989 0.191648 0.075782 0.101521 0.104547 0.200452 0.081432 0.041697 0.190872 0.132948 0.166177 0.001147 0.345459 0.114362 
0.323141 0.094755 0.121195 0.271236 0.249580 0.175654 0.081413 0.317162 0.164409 0.079733 0.231822 0.138032 0.136080 0.314519 1.000000 0.171456 0.230613 0.249747 0.245297 0.301011 0.134969 0.218572 0.210728 0.286321 0.310054 0.101941 0.138650 0.108363 0.169475 0.137662 0.159724 0.180083 0.114117 0.156763 0.130731 0.083776 0.142068 0.139582 0.147062 0.137005 0.240648 0.126611 0.099979 0.170752 0.192287 0.185093 0.172531 0.094220 0.247804 0.114255 0.100070 0.143999 0.189935 0.136285 0.103875 0.164953 0.120789 0.139028 0.155987 0.110939 0.138134 0.255537 0.183022 0.185046 0.111687 0.161766 0.143739 0.147464 0.147241 0.214745 0.139019 0.134306 0.238178 0.189107 0.149015 0.213786 0.139712 0.106685 0.203060 0.210719 0.122757 0.076484 0.096614 0.160875 0.088142 0.066917 0.144612 0.209015 0.170511 0.129619 0.078666 0.183845 0.094495 0.143394 0.217719 0.187567 0.140019 0.166119 0.037812 0.162082 0.095283 0.177152 0.132581 0.047103 0.166701 0.091117 0.135813 0.216916 0.033912 0.085485 0.166751 0.096936 0.075144 0.091018 0.164538 0.190518 0.109600 0.183984 0.107683 0.079807 0.161138 0.138392 0.109390 0.150354 0.146806 0.116397 0.096405 0.186178 0.092724 0.136392 0.036625 0.198701 0.147353 0.117266 0.150423 0.102151 0.120967 0.132810 0.121941 0.087866 0.128568 0.148387 0.124445 0.042601 0.090811 0.073977 0.141031 0.134844 0.120155 0.091910 0.098216 0.084426 0.049179 0.036009 0.074411 0.144002 0.139572 0.100682 0.171398 0.093907 0.095438 0.109460 0.125127 0.196893 0.106482 0.092706 0.135217 0.138484 0.122053 0.115141 0.099786 0.102415 0.052841 0.172038 0.190802 0.123709 0.187823 0.091445 0.117932 0.112110 0.198368 0.101111 0.063678 0.184887 0.108809 0.084771 0.012077 0.190763 0.111340 
0.100669 0.074895 0.093127 0.083498 0.135974 0.060799 0.094675 0.103147 0.102034 0.074769 0.090659 0.077240 0.097775 0.191528 0.171456 1.000000 0.118402 0.137726 0.127118 0.140248 0.106841 0.154590 0.133279 0.114195 0.159460 0.082144 0.099783 0.086247 0.119369 0.099524 0.118874 0.103990 0.092613 0.129478 0.100270 0.066695 0.127883 0.108578 0.101384 0.114667 0.145058 0.081112 0.074106 0.120922 0.127789 0.138653 0.105749 0.066749 0.108246 0.084968 0.084168 0.102911 0.124548 0.105804 0.096754 0.109766 0.069283 0.083458 0.094957 0.086797 0.104588 0.152722 0.115047 0.116012 0.088336 0.111769 0.106832 0.119303 0.103859 0.136775 0.124829 0.101644 0.145531 0.153895 0.123903 0.140215 0.105876 0.088771 0.131701 0.140649 0.095674 0.056764 0.089502 0.114611 0.089223 0.052507 0.093657 0.127112 0.133146 0.089027 0.074852 0.123594 0.091319 0.112504 0.130834 0.118715 0.078173 0.123131 0.052882 0.128224 0.082955 0.116920 0.104131 0.055478 0.133391 0.087939 0.107564 0.150678 0.052374 0.077095 0.125824 0.082476 0.074784 0.082623 0.112512 0.113899 0.100233 0.097067 0.089370 0.079048 0.138311 0.108724 0.089891 0.127659 0.122468 0.093382 0.092401 0.117159 0.070955 0.090535 0.060331 0.100819 0.089306 0.087178 0.128362 0.085900 0.089934 0.099177 0.116576 0.072135 0.075419 0.110869 0.088432 0.064711 0.072994 0.084485 0.113206 0.108112 0.101411 0.057855 0.092456 0.079911 0.051826 0.064175 0.082005 0.108973 0.101764 0.088884 0.132330 0.105163 0.106274 0.098268 0.107782 0.133367 0.082644 0.064888 0.103315 0.104995 0.095492 0.095225 0.083429 0.090089 0.053666 0.102563 0.132758 0.106180 0.155901 0.085043 0.102485 0.095328 0.161178 0.094734 0.070808 0.139377 0.062829 0.070431 0.000204 0.123002 0.090553 
0.234020 0.176270 0.046247 0.221344 0.186552 0.190745 0.043012 0.261546 0.083178 0.070775 0.233757 0.161634 0.146411 0.222753 0.230613 0.118402 1.000000 0.181096 0.173043 0.267407 0.141164 0.155485 0.149809 0.210575 0.227035 0.109312 0.143448 0.105500 0.173092 0.128987 0.140689 0.217678 0.115941 0.149798 0.125817 0.092446 0.105822 0.119654 0.152588 0.121584 0.310576 0.158857 0.110173 0.152868 0.218108 0.180757 0.135498 0.112914 0.317672 0.112724 0.096724 0.110221 0.215424 0.142200 0.082324 0.146481 0.097621 0.116103 0.148550 0.093627 0.137827 0.290473 0.183947 0.149447 0.107882 0.127222 0.152173 0.138867 0.147487 0.206426 0.124707 0.140593 0.222878 0.173295 0.154518 0.226478 0.113805 0.097047 0.231816 0.170511 0.086154 0.078745 0.089248 0.188766 0.070616 0.067845 0.109961 0.189218 0.183009 0.103542 0.087648 0.184352 0.082330 0.114720 0.234857 0.169686 0.128212 0.139129 0.048921 0.162682 0.092967 0.147505 0.115476 0.034421 0.148073 0.082247 0.150183 0.211702 0.020152 0.088836 0.164197 0.080831 0.064940 0.109007 0.164955 0.233683 0.102963 0.221605 0.103232 0.077981 0.167270 0.127294 0.107782 0.129981 0.121579 0.088728 0.074030 0.192478 0.096840 0.112710 0.028735 0.179297 0.139634 0.107001 0.146093 0.093499 0.128400 0.117050 0.111587 0.079514 0.160301 0.164204 0.073518 0.031901 0.078973 0.051960 0.109668 0.131153 0.117147 0.086237 0.088827 0.079110 0.046896 0.028355 0.076818 0.131999 0.152566 0.116971 0.166261 0.080605 0.071384 0.084015 0.146552 0.203278 0.087236 0.114862 0.147265 0.115772 0.095605 0.103218 0.092770 0.088451 0.039551 0.122364 0.219731 0.090873 0.178444 0.062064 0.089606 0.091222 0.184546 0.074733 0.073451 0.186490 0.169284 0.144588 0.012611 0.197518 0.110345 
0.199125 0.096578 0.126500 0.192239 0.202295 0.105512 0.075036 0.199649 0.167887 0.095215 0.144601 0.148797 0.135979 0.303255 0.249747 0.137726 0.181096 1.000000 0.264859 0.309714 0.143776 0.269714 0.282126 0.259136 0.377767 0.110373 0.152208 0.110922 0.152659 0.163735 0.189799 0.177312 0.129712 0.153928 0.134019 0.077978 0.137876 0.152214 0.133394 0.135007 0.218828 0.127406 0.095013 0.163643 0.177775 0.172842 0.197028 0.082931 0.240170 0.101445 0.099068 0.125302 0.173983 0.152192 0.119453 0.171691 0.178774 0.158389 0.188065 0.113008 0.137456 0.254392 0.201221 0.183579 0.106810 0.172742 0.148732 0.161018 0.149525 0.185723 0.154103 0.130652 0.225951 0.227821 0.179026 0.222815 0.154799 0.099034 0.193721 0.261830 0.129451 0.076694 0.092634 0.173621 0.078017 0.058326 0.197386 0.196097 0.153148 0.161467 0.085562 0.246257 0.091280 0.160721 0.276136 0.240714 0.129601 0.191973 0.011490 0.175517 0.100395 0.158969 0.134937 0.042147 0.183410 0.091524 0.132006 0.210339 0.035593 0.071446 0.171313 0.092720 0.066740 0.101025 0.188529 0.231057 0.113331 0.160742 0.112870 0.066700 0.183687 0.140619 0.119421 0.167895 0.136854 0.114232 0.088882 0.238862 0.108620 0.158761 0.016064 0.228522 0.148848 0.127172 0.197664 0.090828 0.150068 0.135802 0.132411 0.084328 0.112895 0.167479 0.117712 0.003598 0.084998 0.038610 0.169051 0.144217 0.132407 0.083823 0.089931 0.077174 0.047227 0.004511 0.067386 0.155306 0.145492 0.101004 0.194036 0.096233 0.082145 0.102025 0.127542 0.249880 0.125993 0.113535 0.160258 0.137045 0.115464 0.125213 0.104546 0.118107 0.049355 0.173678 0.230941 0.122047 0.225968 0.090128 0.114980 0.125805 0.234644 0.101738 0.040757 0.209256 0.152688 0.091403 0.001281 0.245806 0.113299 
0.326946 0.052858 0.072751 0.219682 0.255938 0.101360 0.056861 0.304097 0.102466 0.062710 0.201794 0.088123 0.085615 0.328160 0.245297 0.127118 0.173043 0.264859 1.000000 0.341960 0.079713 0.235480 0.198763 0.404989 0.414228 0.081233 0.102045 0.086168 0.170136 0.105190 0.149674 0.203478 0.131569 0.148439 0.097694 0.073299 0.111001 0.138167 0.124596 0.113284 0.236533 0.105462 0.072053 0.149004 0.153877 0.190231 0.182169 0.092436 0.262810 0.107063 0.103622 0.098746 0.160369 0.137860 0.082401 0.131421 0.138163 0.142622 0.143536 0.092537 0.131980 0.204186 0.158529 0.138813 0.099534 0.142340 0.119897 0.120260 0.118221 0.174399 0.127762 0.099162 0.204175 0.169072 0.179953 0.183482 0.103553 0.101362 0.171634 0.175886 0.084593 0.063996 0.087170 0.117137 0.081421 0.052336 0.167516 0.175505 0.122764 0.121472 0.066094 0.177122 0.079522 0.158992 0.199551 0.175724 0.163831 0.129766 0.038908 0.180139 0.093933 0.164972 0.107716 0.044447 0.145320 0.073522 0.138331 0.157830 0.029814 0.082440 0.145923 0.059108 0.071202 0.087896 0.182507 0.187282 0.114973 0.206394 0.097211 0.073726 0.154790 0.142431 0.089049 0.145382 0.124151 0.093001 0.073897 0.187290 0.097063 0.123868 0.038277 0.153638 0.147390 0.099394 0.164385 0.099970 0.127705 0.129095 0.095122 0.075808 0.157587 0.219921 0.072103 0.037904 0.075656 0.053358 0.125740 0.120175 0.146398 0.079917 0.092483 0.067150 0.046088 0.036818 0.070946 0.116333 0.129543 0.109182 0.146377 0.099177 0.081228 0.100109 0.135306 0.252994 0.121228 0.093388 0.128560 0.125380 0.111011 0.091651 0.084179 0.086505 0.040497 0.167406 0.172115 0.097673 0.148131 0.073701 0.091114 0.101220 0.161291 0.087868 0.069366 0.156608 0.069454 0.138721 0.000651 0.239902 0.094670 
0.389600 0.056068 0.073663 0.282072 0.320576 0.120551 0.046176 0.388687 0.124611 0.083317 0.277795 0.113321 0.091893 0.416928 0.301011 0.140248 0.267407 0.309714 0.341960 1.000000 0.087060 0.199678 0.237677 0.597093 0.415549 0.103642 0.126469 0.104769 0.266073 0.145238 0.197771 0.394596 0.152586 0.167651 0.107451 0.087711 0.108752 0.179507 0.161489 0.122914 0.379288 0.150096 0.091758 0.169639 0.204330 0.276776 0.261588 0.117159 0.491957 0.122359 0.108110 0.123429 0.212554 0.160262 0.102073 0.165105 0.157086 0.202803 0.201596 0.098398 0.159631 0.300033 0.243531 0.194381 0.107193 0.181268 0.144798 0.145395 0.171790 0.259191 0.158039 0.111457 0.273691 0.242986 0.222626 0.242860 0.157228 0.104572 0.239027 0.229577 0.114389 0.080614 0.081476 0.176194 0.066556 0.054106 0.228494 0.251575 0.138550 0.164278 0.052635 0.244380 0.069503 0.179471 0.277763 0.249693 0.191309 0.179957 0.021114 0.198964 0.106849 0.207089 0.121875 0.031779 0.173918 0.071942 0.184813 0.192201 0.021237 0.078829 0.185505 0.051996 0.059366 0.106246 0.235888 0.297435 0.140839 0.380756 0.106213 0.073528 0.169571 0.171517 0.099976 0.160922 0.125856 0.106716 0.069460 0.260734 0.100551 0.156539 0.004897 0.222595 0.181524 0.130253 0.201058 0.101243 0.177906 0.151037 0.104548 0.064071 0.320201 0.224541 0.082073 0.003376 0.079268 0.020279 0.138657 0.137340 0.182677 0.053235 0.080497 0.056190 0.046978 0.012458 0.057493 0.162698 0.158949 0.122404 0.181051 0.084409 0.060899 0.095116 0.158092 0.330630 0.145171 0.121574 0.152938 0.132085 0.115009 0.103290 0.086164 0.085818 0.032277 0.203173 0.211831 0.091129 0.167669 0.063406 0.087396 0.095573 0.175084 0.071710 0.040256 0.172488 0.113201 0.211918 0.001873 0.349056 0.085334 
0.023109 0.174798 0.084533 0.092056 0.084684 0.156524 0.048664 0.058796 0.097614 0.035373 0.075992 0.158374 0.179169 0.114468 0.134969 0.106841 0.141164 0.143776 0.079713 0.087060 1.000000 0.156500 0.139111 0.020660 0.135241 0.083758 0.094047 0.095787 0.073998 0.118196 0.096512 0.081017 0.073571 0.112661 0.119940 0.073975 0.112317 0.097308 0.105334 0.109689 0.152698 0.105615 0.095330 0.103577 0.165171 0.082153 0.076405 0.064730 0.110193 0.082841 0.080199 0.097756 0.130535 0.099687 0.059122 0.104016 0.084032 0.064644 0.104484 0.068178 0.103364 0.203903 0.129878 0.113785 0.080872 0.070014 0.114260 0.129755 0.122117 0.113508 0.115305 0.130227 0.141123 0.145113 0.107509 0.158756 0.061537 0.087845 0.132909 0.139224 0.057900 0.068447 0.082688 0.154862 0.088890 0.063723 0.081148 0.110525 0.172155 0.081785 0.072402 0.112770 0.094425 0.083680 0.179928 0.134524 0.056125 0.126084 0.049532 0.096503 0.080456 0.090247 0.075892 0.049348 0.112971 0.067010 0.069676 0.204914 0.063046 0.063565 0.098016 0.103541 0.071746 0.079008 0.082255 0.122393 0.069568 0.074537 0.093546 0.083282 0.131635 0.071727 0.097953 0.106431 0.089185 0.110127 0.090478 0.121935 0.077011 0.073944 0.043603 0.129406 0.078827 0.096195 0.084641 0.066438 0.094028 0.085389 0.103077 0.083539 0.037615 0.082157 0.079672 0.059780 0.083881 0.095803 0.089586 0.104868 0.078941 0.071666 0.099402 0.103803 0.045833 0.057693 0.080603 0.088029 0.101214 0.070734 0.145880 0.092882 0.101747 0.085407 0.099311 0.079453 0.055972 0.072455 0.118036 0.104484 0.090755 0.107070 0.099140 0.106486 0.058552 0.091591 0.177112 0.120412 0.186867 0.088602 0.118330 0.104812 0.208846 0.108758 0.068246 0.185935 0.202597 0.010195 0.002047 0.073343 0.111513 
0.049572 0.106285 0.137699 0.086393 0.162367 0.067482 0.160818 0.075681 0.166502 0.075429 0.071951 0.120089 0.142110 0.189481 0.218572 0.154590 0.155485 0.269714 0.235480 0.199678 0.156500 1.000000 0.285292 0.107486 0.293030 0.129649 0.124818 0.113892 0.118994 0.106204 0.158354 0.088979 0.101180 0.179891 0.142215 0.095116 0.134216 0.126020 0.110015 0.174761 0.149116 0.136869 0.105725 0.154624 0.177391 0.115098 0.142505 0.099491 0.068769 0.129013 0.148582 0.133076 0.181946 0.152499 0.116648 0.141367 0.094780 0.081561 0.084936 0.107749 0.165368 0.170166 0.125002 0.148410 0.134715 0.148796 0.167151 0.164179 0.116251 0.172709 0.148691 0.149956 0.152815 0.121912 0.168819 0.206584 0.103687 0.117270 0.158607 0.150137 0.095578 0.073311 0.152907 0.128146 0.160717 0.085291 0.107646 0.131756 0.204993 0.103307 0.128558 0.206308 0.161634 0.135625 0.194982 0.111003 0.106430 0.135289 0.136728 0.162709 0.133134 0.154367 0.147094 0.096267 0.188139 0.142409 0.150156 0.194708 0.132882 0.153493 0.159192 0.148238 0.134110 0.152478 0.147279 0.144524 0.128515 0.094971 0.171334 0.164770 0.195136 0.153222 0.132287 0.180085 0.151331 0.137164 0.151137 0.155316 0.138973 0.150056 0.123257 0.110642 0.141265 0.103222 0.174235 0.126034 0.137449 0.156869 0.164279 0.144694 0.058269 0.164420 0.119857 0.150287 0.124257 0.160416 0.175357 0.164771 0.147655 0.126785 0.171611 0.150013 0.081810 0.151578 0.158193 0.163673 0.164724 0.143781 0.181203 0.207849 0.190847 0.158215 0.160191 0.151533 0.118069 0.115557 0.182949 0.167405 0.181816 0.146365 0.145250 0.148580 0.097152 0.163838 0.246031 0.176074 0.251995 0.142708 0.166621 0.171760 0.265860 0.179948 0.156177 0.261993 0.048944 0.042449 0.001454 0.108290 0.175330 
0.096302 0.100806 0.136450 0.110288 0.148301 0.063882 0.104271 0.105717 0.158516 0.062424 0.090240 0.104383 0.126117 0.220737 0.210728 0.133279 0.149809 0.282126 0.198763 0.237677 0.139111 0.285292 1.000000 0.155346 0.276271 0.099658 0.125878 0.109934 0.135190 0.148309 0.142201 0.131586 0.100963 0.141885 0.123814 0.071273 0.143664 0.125071 0.112920 0.125950 0.165275 0.118385 0.087970 0.138830 0.152166 0.137843 0.128648 0.063186 0.166084 0.088540 0.086838 0.119812 0.143149 0.129846 0.091406 0.137738 0.097291 0.113585 0.140715 0.103639 0.129425 0.201102 0.168718 0.147571 0.094785 0.139928 0.131141 0.167260 0.136533 0.166356 0.149176 0.136198 0.174860 0.205266 0.150891 0.179902 0.133269 0.100279 0.151713 0.202435 0.100041 0.065181 0.087258 0.154786 0.084788 0.052948 0.137672 0.157722 0.147860 0.127170 0.101766 0.169043 0.102225 0.132295 0.189525 0.193459 0.096876 0.174083 0.024963 0.138020 0.094587 0.132100 0.128994 0.055310 0.173383 0.105594 0.110454 0.191789 0.039319 0.064170 0.144888 0.114740 0.076970 0.086913 0.144239 0.147235 0.109790 0.109230 0.094324 0.071165 0.171674 0.110928 0.105770 0.153134 0.134914 0.125571 0.111891 0.180710 0.072182 0.100773 0.043418 0.172005 0.110115 0.112939 0.147108 0.088653 0.108995 0.132255 0.115959 0.084151 0.086406 0.118191 0.121261 0.044553 0.083533 0.078047 0.147767 0.129086 0.108900 0.061275 0.098501 0.084142 0.047645 0.039345 0.073330 0.139593 0.107280 0.082114 0.172530 0.114191 0.098122 0.098344 0.108551 0.172315 0.097968 0.077493 0.125643 0.127252 0.101186 0.124241 0.104012 0.127013 0.065783 0.135892 0.164792 0.132667 0.215305 0.104498 0.124129 0.123500 0.228827 0.110124 0.048493 0.167018 0.103675 0.058990 0.001501 0.162858 0.101280 
