0.750059 0.017820 0.031780 0.528682 0.421917 0.225837 0.016768 0.624266 0.406997 0.107486 0.051360 
0.017820 0.439057 0.035163 0.042733 0.022141 0.212429 0.043294 0.043183 0.065998 0.098651 0.193309 
0.031780 0.035163 0.321063 0.055051 0.110976 0.032477 0.075433 0.031730 0.027908 0.056723 0.084042 
0.528682 0.042733 0.055051 0.611267 0.393219 0.265719 0.021478 0.465748 0.365249 0.273532 0.099477 
0.421917 0.022141 0.110976 0.393219 0.472403 0.077261 0.059710 0.377661 0.294426 0.184586 0.057847 
0.225837 0.212429 0.032477 0.265719 0.077261 0.660753 0.028620 0.226998 0.185449 0.201680 0.285976 
0.016768 0.043294 0.075433 0.021478 0.059710 0.028620 0.325561 0.019971 0.025798 0.031432 0.054740 
0.624266 0.043183 0.031730 0.465748 0.377661 0.226998 0.019971 0.634514 0.470587 0.159562 0.073652 
0.406997 0.065998 0.027908 0.365249 0.294426 0.185449 0.025798 0.470587 0.465501 0.228012 0.078687 
0.107486 0.098651 0.056723 0.273532 0.184586 0.201680 0.031432 0.159562 0.228012 0.380512 0.141480 
0.051360 0.193309 0.084042 0.099477 0.057847 0.285976 0.054740 0.073652 0.078687 0.141480 0.291610
