0.331546 0.063464 0.161230 0.160162 0.090432 0.093780 0.078951 0.082437 0.107421 0.067902 0.088106 0.113461 0.112767 0.093737 0.079412 0.095766 0.117117 0.098011 0.114332 0.049047 0.113798 0.096064 0.077534 0.083864 0.114259 0.086472 0.113900 0.103462 0.117829 0.125183 0.114266 0.114185 0.111440 0.135398 0.084888 0.147894 0.100859 0.105840 0.079496 0.091481 0.094729 0.065198 0.074969 0.090424 0.087345 0.089086 0.069909 0.086087 0.068261 0.105700 0.084703 0.081432 0.049875 0.086693 0.125702 0.088124 0.088082 0.120025 0.116256 0.085027 0.081873 0.097796 0.097281 0.129931 0.117230 0.074673 0.078084 0.094694 0.078923 0.066416 0.112688 0.110926 0.088292 0.071675 0.089266 0.094230 0.112748 0.075010 0.119158 0.104217 
0.063464 0.707806 0.112105 0.080376 0.069033 0.065117 0.067908 0.068277 0.090022 0.079546 0.084141 0.104888 0.088556 0.100604 0.080872 0.076702 0.096513 0.135305 0.111786 0.080905 0.125558 0.077782 0.353642 0.065430 0.145847 0.085789 0.118956 0.107785 0.069644 0.104869 0.093374 0.088431 0.140367 0.134967 0.058444 0.127428 0.087467 0.113398 0.039288 0.043558 0.087785 0.062566 0.067845 0.068992 0.066948 0.101792 0.048897 0.032490 0.039160 0.197430 0.148780 0.074845 0.043696 0.075044 0.098398 0.109450 0.199103 0.097247 0.199599 0.040305 0.026622 0.109035 0.088035 0.117036 0.258031 0.084458 0.119925 0.052624 0.046660 0.063256 0.077561 0.117926 0.106915 0.040183 0.087468 0.168900 0.172521 0.083536 0.081206 0.092903 
0.161230 0.112105 0.695004 0.331834 0.232472 0.135938 0.193876 0.240303 0.172893 0.265368 0.159301 0.201627 0.136611 0.187544 0.181967 0.150675 0.196437 0.251190 0.247768 0.391539 0.206844 0.146677 0.107505 0.151290 0.207007 0.142250 0.208376 0.152665 0.151792 0.238340 0.180774 0.203575 0.221472 0.242417 0.119527 0.282723 0.122829 0.246302 0.075385 0.075835 0.156488 0.161757 0.102269 0.129703 0.135591 0.180136 0.080181 0.077150 0.104024 0.219655 0.264557 0.138776 0.195262 0.107749 0.184672 0.165714 0.117804 0.174636 0.193606 0.124123 0.080753 0.241431 0.144034 0.256367 0.201048 0.112924 0.175530 0.163068 0.072808 0.085417 0.164319 0.158673 0.175880 0.082739 0.142330 0.163309 0.323227 0.145026 0.152863 0.124969 
0.160162 0.080376 0.331834 0.637809 0.219397 0.119368 0.156855 0.171306 0.144915 0.183399 0.121204 0.154191 0.131432 0.138913 0.153961 0.140896 0.171499 0.174679 0.171390 0.248689 0.192971 0.125284 0.095204 0.121958 0.171344 0.121130 0.164300 0.144683 0.148892 0.223381 0.154318 0.165647 0.158996 0.209348 0.110411 0.201452 0.120123 0.166145 0.086267 0.093298 0.121597 0.116712 0.095830 0.120071 0.114000 0.138012 0.084084 0.092718 0.096904 0.155745 0.186927 0.105678 0.153206 0.105766 0.162982 0.130910 0.111944 0.149600 0.152886 0.121334 0.099225 0.187124 0.120561 0.183789 0.148280 0.097876 0.126862 0.137124 0.085197 0.089791 0.146150 0.141911 0.122695 0.085461 0.119079 0.137820 0.196789 0.114464 0.139143 0.124816 
0.090432 0.069033 0.232472 0.219397 0.455901 0.108667 0.177218 0.175967 0.148229 0.231355 0.121251 0.159364 0.114182 0.143605 0.186433 0.170704 0.154155 0.165151 0.153057 0.335451 0.207153 0.132096 0.080291 0.106563 0.174309 0.124350 0.151154 0.143085 0.140944 0.199066 0.136626 0.163803 0.162093 0.221853 0.102144 0.178303 0.112044 0.135834 0.081077 0.086215 0.114358 0.130767 0.093755 0.123981 0.108367 0.148305 0.093303 0.087213 0.107913 0.155462 0.235619 0.103884 0.206607 0.110987 0.156503 0.145429 0.101770 0.139350 0.142763 0.096691 0.074879 0.226329 0.121566 0.170763 0.142267 0.092605 0.152322 0.123715 0.089015 0.092052 0.138493 0.136502 0.123959 0.091080 0.124832 0.143348 0.199294 0.113118 0.116120 0.124930 
0.093780 0.065117 0.135938 0.119368 0.108667 0.276120 0.100217 0.118702 0.106391 0.103233 0.114856 0.129221 0.113064 0.124548 0.108204 0.108778 0.123937 0.122033 0.133815 0.115202 0.126615 0.131621 0.072369 0.136150 0.136279 0.100579 0.129956 0.131407 0.134724 0.136795 0.134272 0.133874 0.122541 0.145693 0.128511 0.155884 0.089663 0.112437 0.070353 0.086245 0.102268 0.077870 0.077482 0.084997 0.100947 0.094792 0.072750 0.086994 0.075977 0.122550 0.116572 0.092526 0.073547 0.080750 0.128019 0.093702 0.082514 0.114110 0.107369 0.097710 0.082625 0.120376 0.087653 0.105934 0.120921 0.085404 0.099764 0.099950 0.075344 0.074218 0.108527 0.099460 0.097456 0.062855 0.092018 0.111826 0.136719 0.079946 0.092816 0.093000 
0.078951 0.067908 0.193876 0.156855 0.177218 0.100217 0.230027 0.159909 0.135056 0.183924 0.115889 0.136187 0.105633 0.126352 0.142015 0.128524 0.134412 0.154721 0.145771 0.252186 0.152546 0.111223 0.081262 0.094926 0.140636 0.106070 0.132492 0.116448 0.127949 0.170449 0.128353 0.141843 0.139361 0.165300 0.092403 0.162436 0.095838 0.125857 0.085044 0.082857 0.109744 0.114141 0.087991 0.102439 0.108770 0.121941 0.080570 0.081241 0.099142 0.139402 0.172356 0.095619 0.159660 0.083940 0.137164 0.120767 0.087392 0.120582 0.121325 0.098777 0.078827 0.166001 0.105279 0.131078 0.130810 0.085821 0.124385 0.114690 0.081421 0.086626 0.115452 0.114262 0.117885 0.070544 0.110134 0.120440 0.181550 0.097062 0.098317 0.103440 
0.082437 0.068277 0.240303 0.171306 0.175967 0.118702 0.159909 0.294640 0.124918 0.217435 0.137006 0.159742 0.117228 0.154135 0.154367 0.127011 0.158080 0.207489 0.179914 0.284683 0.163193 0.132821 0.077204 0.118824 0.147224 0.111230 0.151922 0.135580 0.150270 0.203975 0.151799 0.161264 0.155665 0.181357 0.110621 0.197135 0.091182 0.153360 0.069876 0.074155 0.122239 0.132962 0.089965 0.103304 0.115459 0.145571 0.091502 0.082756 0.103441 0.158540 0.182487 0.110246 0.167060 0.085568 0.140802 0.129883 0.086153 0.120155 0.124954 0.115833 0.085752 0.165940 0.101827 0.140385 0.138551 0.088157 0.131504 0.125724 0.071321 0.084809 0.117853 0.112642 0.134171 0.069607 0.116494 0.120858 0.211009 0.105170 0.102148 0.108036 
0.107421 0.090022 0.172893 0.144915 0.148229 0.106391 0.135056 0.124918 0.415740 0.126757 0.120072 0.140846 0.122707 0.130247 0.126275 0.132888 0.140511 0.134305 0.143351 0.149248 0.151978 0.124325 0.096325 0.102747 0.160255 0.118392 0.164637 0.135057 0.136175 0.150053 0.135219 0.156782 0.156847 0.176786 0.100285 0.161903 0.121048 0.133720 0.097494 0.104179 0.113882 0.095209 0.101932 0.128590 0.106857 0.121891 0.088966 0.084164 0.085111 0.135666 0.171873 0.096578 0.102122 0.114671 0.151459 0.137203 0.106943 0.142514 0.138274 0.101473 0.087735 0.157510 0.129254 0.136408 0.142906 0.095878 0.185552 0.119081 0.116644 0.105929 0.145639 0.144836 0.117889 0.098971 0.126890 0.145880 0.183619 0.106978 0.118065 0.130704 
0.067902 0.079546 0.265368 0.183399 0.231355 0.103233 0.183924 0.217435 0.126757 0.309534 0.126737 0.165318 0.096773 0.152886 0.180705 0.147063 0.150805 0.195927 0.184388 0.415491 0.187407 0.124480 0.079438 0.142562 0.154544 0.116381 0.145495 0.124692 0.121837 0.200574 0.132185 0.150020 0.175259 0.209120 0.099520 0.194867 0.091370 0.162360 0.053390 0.060172 0.124732 0.147456 0.085907 0.103518 0.110944 0.157791 0.085093 0.059409 0.112723 0.171322 0.256958 0.115172 0.220114 0.084150 0.143564 0.140723 0.086397 0.128034 0.142419 0.089392 0.058304 0.220793 0.103675 0.166561 0.153459 0.088854 0.133475 0.118031 0.060957 0.073399 0.110780 0.118542 0.157293 0.061440 0.114759 0.130502 0.246527 0.109858 0.100786 0.096608 
0.088106 0.084141 0.159301 0.121204 0.121251 0.114856 0.115889 0.137006 0.120072 0.126737 0.452729 0.142407 0.150605 0.126882 0.117350 0.118662 0.139885 0.152033 0.154412 0.157093 0.132166 0.128549 0.084685 0.106070 0.144070 0.104193 0.141773 0.124171 0.141084 0.145724 0.144496 0.154910 0.204838 0.152672 0.100863 0.176770 0.093018 0.127725 0.070911 0.077541 0.133119 0.107736 0.080216 0.093179 0.108105 0.103278 0.068656 0.080596 0.076852 0.137243 0.145524 0.114990 0.095412 0.081275 0.288239 0.118884 0.087243 0.120643 0.117805 0.103705 0.082239 0.134827 0.092175 0.125717 0.147743 0.103327 0.123093 0.108750 0.071059 0.080413 0.123713 0.106052 0.105661 0.064312 0.121011 0.110619 0.219596 0.107637 0.093916 0.105242 
0.113461 0.104888 0.201627 0.154191 0.159364 0.129221 0.136187 0.159742 0.140846 0.165318 0.142407 0.373224 0.137774 0.168784 0.143712 0.151531 0.163682 0.175102 0.170464 0.203840 0.177326 0.158255 0.103667 0.114169 0.161624 0.125106 0.150993 0.144412 0.154570 0.169708 0.155165 0.169051 0.170239 0.195408 0.119173 0.202156 0.116509 0.151595 0.089758 0.097766 0.133538 0.109557 0.100914 0.121474 0.127573 0.139189 0.106163 0.100921 0.107581 0.167801 0.178746 0.120239 0.132549 0.104145 0.162122 0.144056 0.109031 0.146979 0.151322 0.103780 0.087210 0.172158 0.121173 0.146691 0.175466 0.099735 0.133671 0.119935 0.091564 0.095661 0.138306 0.134905 0.148472 0.084098 0.128007 0.149578 0.202984 0.109142 0.123250 0.128776 
0.112767 0.088556 0.136611 0.131432 0.114182 0.113064 0.105633 0.117228 0.122707 0.096773 0.150605 0.137774 0.307061 0.118858 0.110608 0.127541 0.140649 0.127390 0.132486 0.092802 0.136101 0.124096 0.097256 0.094906 0.136087 0.105855 0.139836 0.127647 0.154826 0.153345 0.149017 0.154446 0.133481 0.150688 0.106327 0.155658 0.105329 0.113748 0.090649 0.099954 0.109285 0.082801 0.089876 0.102690 0.108078 0.098996 0.082204 0.104642 0.090834 0.121738 0.108805 0.094150 0.077658 0.089523 0.167107 0.107452 0.101419 0.126276 0.119761 0.121631 0.108236 0.119745 0.097719 0.105519 0.131443 0.089680 0.110291 0.122319 0.091475 0.101560 0.131979 0.118138 0.100047 0.080238 0.105445 0.112492 0.136085 0.087642 0.112439 0.116500 
0.093737 0.100604 0.187544 0.138913 0.143605 0.124548 0.126352 0.154135 0.130247 0.152886 0.126882 0.168784 0.118858 0.280534 0.143393 0.136144 0.146438 0.158588 0.160964 0.192940 0.164340 0.134759 0.093627 0.113510 0.163520 0.120245 0.145750 0.142835 0.139347 0.161542 0.146957 0.157845 0.156145 0.192588 0.108372 0.205039 0.099620 0.141414 0.072802 0.082517 0.114153 0.101911 0.089687 0.106199 0.109520 0.122337 0.083210 0.082513 0.086806 0.150459 0.169288 0.104227 0.110341 0.101735 0.141430 0.124324 0.098260 0.125421 0.131337 0.101074 0.080987 0.160354 0.105614 0.131519 0.149811 0.088814 0.131632 0.112349 0.082798 0.090132 0.123846 0.116611 0.124144 0.074542 0.111238 0.143545 0.187257 0.101216 0.100810 0.110582 
0.079412 0.080872 0.181967 0.153961 0.186433 0.108204 0.142015 0.154367 0.126275 0.180705 0.117350 0.143712 0.110608 0.143393 0.225780 0.150697 0.145524 0.147726 0.145336 0.238480 0.174331 0.125313 0.084944 0.123174 0.166500 0.114839 0.139591 0.139666 0.131635 0.167353 0.130265 0.150890 0.144867 0.199204 0.101442 0.161278 0.096776 0.129893 0.073787 0.075981 0.105798 0.107874 0.088234 0.104661 0.096781 0.124712 0.085753 0.075207 0.090883 0.134586 0.185532 0.093245 0.150481 0.098805 0.134540 0.121284 0.092681 0.119467 0.124348 0.092362 0.072694 0.178895 0.106258 0.128248 0.131575 0.083450 0.128239 0.105496 0.084184 0.089416 0.119043 0.117275 0.115680 0.076229 0.108727 0.136785 0.171174 0.097009 0.097602 0.113320 
0.095766 0.076702 0.150675 0.140896 0.170704 0.108778 0.128524 0.127011 0.132888 0.147063 0.118662 0.151531 0.127541 0.136144 0.150697 0.426411 0.148230 0.128540 0.142592 0.205157 0.187718 0.140875 0.087770 0.105661 0.156688 0.119266 0.138219 0.157778 0.150702 0.157917 0.135973 0.176549 0.145906 0.215530 0.100755 0.153536 0.108792 0.126658 0.082104 0.093441 0.105830 0.095803 0.095533 0.112947 0.096934 0.113536 0.085049 0.084500 0.091178 0.124176 0.176303 0.090455 0.122059 0.107248 0.143149 0.119997 0.100175 0.126937 0.127491 0.098615 0.086117 0.180432 0.105912 0.124790 0.127261 0.083744 0.124242 0.107953 0.100577 0.097709 0.133496 0.125083 0.114714 0.081553 0.110418 0.133303 0.154578 0.096381 0.109195 0.119345 
0.117117 0.096513 0.196437 0.171499 0.154155 0.123937 0.134412 0.158080 0.140511 0.150805 0.139885 0.163682 0.140649 0.146438 0.145524 0.148230 0.264919 0.159825 0.160619 0.167985 0.175708 0.149864 0.104504 0.124766 0.160772 0.123219 0.156214 0.152470 0.165131 0.183562 0.157181 0.168417 0.164372 0.193525 0.120607 0.176660 0.123152 0.147972 0.090907 0.105486 0.129135 0.108186 0.110243 0.123673 0.120587 0.136417 0.096671 0.092200 0.105753 0.152258 0.168251 0.117342 0.118052 0.119144 0.168645 0.139018 0.116040 0.145499 0.143126 0.121940 0.106533 0.157311 0.114176 0.127393 0.166627 0.101190 0.132409 0.124391 0.101204 0.107123 0.141752 0.140717 0.142302 0.087007 0.123291 0.142403 0.185654 0.108367 0.130421 0.134308 
0.098011 0.135305 0.251190 0.174679 0.165151 0.122033 0.154721 0.207489 0.134305 0.195927 0.152033 0.175102 0.127390 0.158588 0.147726 0.128540 0.159825 0.405444 0.184538 0.262085 0.164136 0.143251 0.110615 0.124427 0.165324 0.117558 0.162477 0.135230 0.145908 0.194068 0.157010 0.167611 0.165411 0.186879 0.111954 0.209061 0.099932 0.161024 0.072739 0.074611 0.127601 0.127378 0.090905 0.107714 0.117722 0.141519 0.078691 0.081150 0.091158 0.179052 0.187785 0.115565 0.140958 0.087483 0.160201 0.137275 0.107090 0.131404 0.146992 0.109444 0.080177 0.172757 0.107080 0.162661 0.183232 0.097561 0.140805 0.124423 0.073638 0.083557 0.129777 0.123305 0.139849 0.067179 0.117836 0.132484 0.225491 0.110552 0.107297 0.111979 
0.114332 0.111786 0.247768 0.171390 0.153057 0.133815 0.145771 0.179914 0.143351 0.184388 0.154412 0.170464 0.132486 0.160964 0.145336 0.142592 0.160619 0.184538 0.524627 0.265960 0.183657 0.150008 0.102139 0.139620 0.178390 0.118905 0.201664 0.152092 0.148969 0.206975 0.176720 0.180451 0.189178 0.203130 0.122328 0.236619 0.101325 0.221002 0.070472 0.079779 0.137330 0.120690 0.093541 0.109554 0.120443 0.140512 0.078070 0.080032 0.094118 0.177439 0.208914 0.117998 0.132285 0.097381 0.154964 0.139053 0.103228 0.138500 0.152390 0.120940 0.085242 0.178601 0.119411 0.171728 0.176528 0.098053 0.152432 0.145055 0.077279 0.083353 0.131241 0.131560 0.165810 0.077189 0.126445 0.137561 0.260214 0.113777 0.127406 0.103412 
0.049047 0.080905 0.391539 0.248689 0.335451 0.115202 0.252186 0.284683 0.149248 0.415491 0.157093 0.203840 0.092802 0.192940 0.238480 0.205157 0.167985 0.262085 0.265960 0.846559 0.257852 0.134582 0.072471 0.151717 0.202361 0.132102 0.188706 0.148381 0.133854 0.261245 0.165432 0.206008 0.215178 0.285416 0.098609 0.288926 0.081693 0.255824 0.034098 0.028273 0.140596 0.191450 0.078382 0.099332 0.128434 0.174004 0.079483 0.069437 0.142153 0.215193 0.383858 0.122918 0.342245 0.081019 0.159404 0.151048 0.081954 0.133189 0.169546 0.092067 0.034008 0.331689 0.112671 0.262785 0.170217 0.084215 0.163236 0.146504 0.032002 0.057087 0.115138 0.118662 0.176000 0.048325 0.139519 0.137198 0.349430 0.134940 0.098515 0.076159 
0.113798 0.125558 0.206844 0.192971 0.207153 0.126615 0.152546 0.163193 0.151978 0.187407 0.132166 0.177326 0.136101 0.164340 0.174331 0.187718 0.175708 0.164136 0.183657 0.257852 0.603397 0.172717 0.118485 0.127915 0.191655 0.133857 0.174253 0.198678 0.157854 0.216101 0.155879 0.168389 0.180840 0.250926 0.119791 0.174917 0.129601 0.156881 0.088002 0.110723 0.132806 0.126139 0.116024 0.128678 0.117359 0.161291 0.118842 0.087154 0.121747 0.162238 0.222659 0.119561 0.163967 0.146839 0.163535 0.152624 0.122237 0.152771 0.158786 0.111446 0.099853 0.204042 0.133751 0.130162 0.179801 0.107262 0.147259 0.131385 0.118045 0.109013 0.147084 0.157408 0.158863 0.110553 0.133567 0.175821 0.201607 0.121063 0.136141 0.156999 
0.096064 0.077782 0.146677 0.125284 0.132096 0.131621 0.111223 0.132821 0.124325 0.124480 0.128549 0.158255 0.124096 0.134759 0.125313 0.140875 0.149864 0.143251 0.150008 0.134582 0.172717 0.359335 0.086631 0.093334 0.143847 0.114475 0.140166 0.148526 0.138382 0.152990 0.130927 0.149562 0.154446 0.179794 0.112412 0.138893 0.110611 0.119669 0.078119 0.108132 0.123011 0.094959 0.101182 0.111473 0.113587 0.136200 0.102553 0.078370 0.099288 0.141727 0.146695 0.117464 0.106000 0.114990 0.143519 0.130678 0.094460 0.135626 0.127073 0.091230 0.084433 0.141088 0.109475 0.097539 0.181558 0.101605 0.124753 0.106421 0.101425 0.093638 0.122083 0.129324 0.144185 0.090671 0.110412 0.143256 0.167771 0.096895 0.112772 0.129746 
0.077534 0.353642 0.107505 0.095204 0.080291 0.072369 0.081262 0.077204 0.096325 0.079438 0.084685 0.103667 0.097256 0.093627 0.084944 0.087770 0.104504 0.110615 0.102139 0.072471 0.118485 0.086631 0.316990 0.066320 0.124850 0.091590 0.109696 0.103973 0.089055 0.107897 0.096760 0.096369 0.124848 0.126398 0.067821 0.111467 0.097033 0.094755 0.062402 0.070474 0.094272 0.062539 0.078233 0.085620 0.081483 0.098537 0.067839 0.054734 0.062529 0.150806 0.117021 0.078638 0.060606 0.083150 0.109618 0.104686 0.147320 0.112032 0.160790 0.066730 0.061268 0.102815 0.093316 0.095343 0.179792 0.085655 0.105816 0.077177 0.073195 0.080418 0.099025 0.117061 0.096916 0.059512 0.093846 0.143492 0.133887 0.080338 0.092090 0.101949 
0.083864 0.065430 0.151290 0.121958 0.106563 0.136150 0.094926 0.118824 0.102747 0.142562 0.106070 0.114169 0.094906 0.113510 0.123174 0.105661 0.124766 0.124427 0.139620 0.151717 0.127915 0.093334 0.066320 0.497957 0.125974 0.085599 0.120808 0.144934 0.121431 0.137947 0.132817 0.141428 0.118099 0.157941 0.157550 0.176345 0.072568 0.125754 0.057564 0.057466 0.087178 0.075464 0.062184 0.075377 0.080658 0.080079 0.045187 0.070705 0.052714 0.106828 0.144984 0.070405 0.069999 0.084128 0.113235 0.081822 0.078002 0.101706 0.106265 0.092654 0.068808 0.135674 0.076811 0.132069 0.132424 0.062841 0.104036 0.094975 0.065838 0.060807 0.109136 0.085814 0.083102 0.054760 0.089537 0.086512 0.152762 0.078998 0.077769 0.073509 
0.114259 0.145847 0.207007 0.171344 0.174309 0.136279 0.140636 0.147224 0.160255 0.154544 0.144070 0.161624 0.136087 0.163520 0.166500 0.156688 0.160772 0.165324 0.178390 0.202361 0.191655 0.143847 0.124850 0.125974 0.456266 0.138949 0.189601 0.159275 0.150020 0.184480 0.156931 0.176973 0.175225 0.235593 0.122932 0.199942 0.120830 0.164022 0.087516 0.091918 0.121955 0.117136 0.102744 0.117121 0.107854 0.143929 0.095585 0.086445 0.089210 0.162081 0.222938 0.104814 0.122484 0.164795 0.157292 0.138040 0.118441 0.145551 0.156372 0.100320 0.078678 0.185004 0.152545 0.155813 0.171974 0.105698 0.172744 0.127059 0.101284 0.110813 0.147118 0.154782 0.125332 0.115873 0.136222 0.201304 0.209092 0.125734 0.121770 0.147226 
0.086472 0.085789 0.142250 0.121130 0.124350 0.100579 0.106070 0.111230 0.118392 0.116381 0.104193 0.125106 0.105855 0.120245 0.114839 0.119266 0.123219 0.117558 0.118905 0.132102 0.133857 0.114475 0.091590 0.085599 0.138949 0.324376 0.117870 0.120075 0.123577 0.123799 0.113245 0.129133 0.140194 0.160774 0.086559 0.129817 0.104925 0.105271 0.074917 0.086064 0.107321 0.083211 0.091136 0.111944 0.098952 0.114276 0.081910 0.069912 0.080694 0.132679 0.143553 0.097552 0.092202 0.093240 0.135532 0.122988 0.092219 0.122872 0.123831 0.088744 0.080175 0.133080 0.119902 0.102970 0.129443 0.090481 0.135533 0.099827 0.093894 0.197938 0.119164 0.124654 0.110626 0.072513 0.116783 0.143346 0.156471 0.091297 0.101775 0.111695 
0.113900 0.118956 0.208376 0.164300 0.151154 0.129956 0.132492 0.151922 0.164637 0.145495 0.141773 0.150993 0.139836 0.145750 0.139591 0.138219 0.156214 0.162477 0.201664 0.188706 0.174253 0.140166 0.109696 0.120808 0.189601 0.117870 0.555928 0.148659 0.147236 0.202415 0.166270 0.172741 0.174091 0.191237 0.121693 0.207971 0.113070 0.177733 0.089986 0.097472 0.123470 0.107117 0.102022 0.127401 0.111654 0.130885 0.081385 0.086811 0.087002 0.157494 0.185243 0.104259 0.109943 0.107198 0.154733 0.139087 0.108476 0.137482 0.146705 0.114588 0.089511 0.163352 0.130477 0.147780 0.163741 0.101473 0.193344 0.128769 0.106844 0.098816 0.142560 0.157689 0.129016 0.095538 0.134616 0.148904 0.209031 0.111617 0.128928 0.122595 
0.103462 0.107785 0.152665 0.144683 0.143085 0.131407 0.116448 0.135580 0.135057 0.124692 0.124171 0.144412 0.127647 0.142835 0.139666 0.157778 0.152470 0.135230 0.152092 0.148381 0.198678 0.148526 0.103973 0.144934 0.159275 0.120075 0.148659 0.553416 0.158600 0.166019 0.151924 0.161997 0.155527 0.220493 0.116796 0.158288 0.111204 0.124131 0.089615 0.103833 0.111538 0.099440 0.102010 0.114699 0.103802 0.125222 0.095837 0.092777 0.091759 0.128898 0.163329 0.097637 0.097416 0.138197 0.149059 0.123973 0.112590 0.133882 0.131281 0.115564 0.103912 0.165599 0.111061 0.113656 0.143821 0.090657 0.137195 0.119240 0.119658 0.101686 0.139613 0.128546 0.122778 0.098764 0.117643 0.139941 0.156789 0.103376 0.111434 0.137507 
0.117829 0.069644 0.151792 0.148892 0.140944 0.134724 0.127949 0.150270 0.136175 0.121837 0.141084 0.154570 0.154826 0.139347 0.131635 0.150702 0.165131 0.145908 0.148969 0.133854 0.157854 0.138382 0.089055 0.121431 0.150020 0.123577 0.147236 0.158600 0.368203 0.179153 0.174125 0.182275 0.135804 0.181501 0.128104 0.185629 0.111761 0.129790 0.098408 0.110389 0.114713 0.100720 0.098924 0.108253 0.117491 0.099708 0.082161 0.121174 0.096975 0.148191 0.128295 0.096706 0.091640 0.102628 0.162246 0.111466 0.105109 0.132081 0.123104 0.145987 0.129205 0.139837 0.096175 0.122390 0.134031 0.089045 0.120282 0.134008 0.095644 0.105383 0.149506 0.120165 0.100725 0.083688 0.112570 0.113750 0.146703 0.097535 0.117020 0.122827 
0.125183 0.104869 0.238340 0.223381 0.199066 0.136795 0.170449 0.203975 0.150053 0.200574 0.145724 0.169708 0.153345 0.161542 0.167353 0.157917 0.183562 0.194068 0.206975 0.261245 0.216101 0.152990 0.107897 0.137947 0.184480 0.123799 0.202415 0.166019 0.179153 0.617486 0.188451 0.182397 0.167540 0.217571 0.139251 0.216742 0.120608 0.180003 0.089234 0.105465 0.133288 0.134745 0.108215 0.118165 0.126120 0.151826 0.094768 0.096107 0.121093 0.168690 0.191094 0.117444 0.164218 0.115462 0.169249 0.138628 0.114149 0.143075 0.152235 0.140669 0.116309 0.178452 0.118032 0.146315 0.169268 0.103906 0.135850 0.144562 0.094413 0.105719 0.143414 0.146188 0.140634 0.091859 0.128906 0.143523 0.208476 0.116481 0.136130 0.130811 
0.114266 0.093374 0.180774 0.154318 0.136626 0.134272 0.128353 0.151799 0.135219 0.132185 0.144496 0.155165 0.149017 0.146957 0.130265 0.135973 0.157181 0.157010 0.176720 0.165432 0.155879 0.130927 0.096760 0.132817 0.156931 0.113245 0.166270 0.151924 0.174125 0.188451 0.406088 0.177391 0.145560 0.180378 0.126393 0.217011 0.106453 0.154364 0.086412 0.094607 0.118387 0.098605 0.092317 0.104663 0.119520 0.104335 0.077006 0.111746 0.089548 0.145546 0.151143 0.100770 0.092345 0.092975 0.159862 0.114657 0.108523 0.133538 0.133940 0.138083 0.113287 0.151359 0.099358 0.144573 0.147293 0.090404 0.125071 0.130520 0.082265 0.095263 0.141705 0.120333 0.110511 0.075783 0.116316 0.119805 0.176860 0.100401 0.112880 0.105244 
0.114185 0.088431 0.203575 0.165647 0.163803 0.133874 0.141843 0.161264 0.156782 0.150020 0.154910 0.169051 0.154446 0.157845 0.150890 0.176549 0.168417 0.167611 0.180451 0.206008 0.168389 0.149562 0.096369 0.141428 0.176973 0.129133 0.172741 0.161997 0.182275 0.182397 0.177391 0.424749 0.165719 0.199030 0.123272 0.222007 0.112911 0.171304 0.093118 0.090627 0.121566 0.109448 0.099412 0.122932 0.117386 0.112732 0.081969 0.113079 0.088290 0.149577 0.172234 0.098913 0.109402 0.097648 0.164300 0.127074 0.110897 0.141611 0.142470 0.129015 0.099367 0.177466 0.119861 0.170400 0.156588 0.091385 0.159847 0.133124 0.093965 0.107566 0.161108 0.129770 0.112044 0.079670 0.128897 0.136372 0.202084 0.110560 0.115774 0.116610 
0.111440 0.140367 0.221472 0.158996 0.162093 0.122541 0.139361 0.155665 0.156847 0.175259 0.204838 0.170239 0.133481 0.156145 0.144867 0.145906 0.164372 0.165411 0.189178 0.215178 0.180840 0.154446 0.124848 0.118099 0.175225 0.140194 0.174091 0.155527 0.135804 0.167540 0.145560 0.165719 0.462854 0.212177 0.104676 0.184088 0.133850 0.163916 0.080560 0.100897 0.158359 0.121747 0.113741 0.138962 0.133989 0.172000 0.104573 0.072369 0.103028 0.183434 0.235937 0.139630 0.131741 0.145150 0.233881 0.173544 0.126272 0.174493 0.177859 0.100748 0.082210 0.190324 0.142029 0.155164 0.187479 0.120391 0.184382 0.130684 0.106446 0.098998 0.141063 0.160374 0.198989 0.092483 0.143077 0.185850 0.286266 0.141428 0.134237 0.134459 
0.135398 0.134967 0.242417 0.209348 0.221853 0.145693 0.165300 0.181357 0.176786 0.209120 0.152672 0.195408 0.150688 0.192588 0.199204 0.215530 0.193525 0.186879 0.203130 0.285416 0.250926 0.179794 0.126398 0.157941 0.235593 0.160774 0.191237 0.220493 0.181501 0.217571 0.180378 0.199030 0.212177 0.599772 0.138572 0.222155 0.141212 0.184057 0.101823 0.119799 0.144446 0.137551 0.122961 0.144783 0.131991 0.173402 0.112915 0.108869 0.115798 0.181097 0.273611 0.130898 0.156834 0.189847 0.193932 0.165757 0.146494 0.178743 0.185275 0.125564 0.105930 0.249355 0.150568 0.185000 0.193612 0.114107 0.174388 0.148610 0.126860 0.114733 0.175085 0.169596 0.172644 0.125772 0.155712 0.186806 0.237513 0.141043 0.147604 0.161767 
0.084888 0.058444 0.119527 0.110411 0.102144 0.128511 0.092403 0.110621 0.100285 0.099520 0.100863 0.119173 0.106327 0.108372 0.101442 0.100755 0.120607 0.111954 0.122328 0.098609 0.119791 0.112412 0.067821 0.157550 0.122932 0.086559 0.121693 0.116796 0.128104 0.139251 0.126393 0.123272 0.104676 0.138572 0.387263 0.145905 0.083705 0.103370 0.072017 0.083542 0.091349 0.071805 0.073657 0.083843 0.090086 0.084831 0.064910 0.081531 0.070243 0.105501 0.112852 0.079581 0.068796 0.079541 0.115168 0.089178 0.078204 0.101855 0.096179 0.095836 0.081960 0.108229 0.080721 0.092442 0.113086 0.074335 0.098340 0.093551 0.073028 0.073895 0.104664 0.094597 0.086293 0.066665 0.091467 0.094605 0.123394 0.074909 0.087929 0.093197 
0.147894 0.127428 0.282723 0.201452 0.178303 0.155884 0.162436 0.197135 0.161903 0.194867 0.176770 0.202156 0.155658 0.205039 0.161278 0.153536 0.176660 0.209061 0.236619 0.288926 0.174917 0.138893 0.111467 0.176345 0.199942 0.129817 0.207971 0.158288 0.185629 0.216742 0.217011 0.222007 0.184088 0.222155 0.145905 0.522196 0.106523 0.225627 0.080751 0.074776 0.139345 0.127411 0.087085 0.110375 0.134086 0.119678 0.066564 0.121488 0.084197 0.195753 0.224489 0.117189 0.126518 0.088259 0.181811 0.129517 0.116472 0.153283 0.171876 0.140416 0.093719 0.212023 0.119595 0.244992 0.192427 0.095220 0.157400 0.149299 0.063713 0.081873 0.164846 0.129542 0.124107 0.067017 0.138992 0.128265 0.265603 0.124012 0.124839 0.094423 
0.100859 0.087467 0.122829 0.120123 0.112044 0.089663 0.095838 0.091182 0.121048 0.091370 0.093018 0.116509 0.105329 0.099620 0.096776 0.108792 0.123152 0.099932 0.101325 0.081693 0.129601 0.110611 0.097033 0.072568 0.120830 0.104925 0.113070 0.111204 0.111761 0.120608 0.106453 0.112911 0.133850 0.141212 0.083705 0.106523 0.307124 0.087898 0.085401 0.104853 0.109116 0.074786 0.108996 0.115626 0.101890 0.117197 0.101400 0.080261 0.095562 0.116888 0.127321 0.098658 0.085545 0.120161 0.145418 0.125924 0.108707 0.140665 0.124163 0.088255 0.090585 0.117597 0.109747 0.089236 0.129071 0.167697 0.122684 0.100049 0.103889 0.097530 0.118861 0.219214 0.122380 0.084352 0.112582 0.131049 0.131300 0.198994 0.139967 0.120866 
0.105840 0.113398 0.246302 0.166145 0.135834 0.112437 0.125857 0.153360 0.133720 0.162360 0.127725 0.151595 0.113748 0.141414 0.129893 0.126658 0.147972 0.161024 0.221002 0.255824 0.156881 0.119669 0.094755 0.125754 0.164022 0.105271 0.177733 0.124131 0.129790 0.180003 0.154364 0.171304 0.163916 0.184057 0.103370 0.225627 0.087898 0.597638 0.057103 0.060586 0.118870 0.103605 0.078168 0.092835 0.104935 0.115622 0.065265 0.074559 0.082982 0.158123 0.191445 0.095122 0.122428 0.080479 0.129170 0.112242 0.091650 0.124292 0.146683 0.098386 0.063230 0.173002 0.108172 0.172935 0.157662 0.078969 0.137989 0.121605 0.058832 0.071286 0.121964 0.117002 0.135676 0.062394 0.112618 0.129832 0.241930 0.102996 0.110443 0.082282 
0.079496 0.039288 0.075385 0.086267 0.081077 0.070353 0.085044 0.069876 0.097494 0.053390 0.070911 0.089758 0.090649 0.072802 0.073787 0.082104 0.090907 0.072739 0.070472 0.034098 0.088002 0.078119 0.062402 0.057564 0.087516 0.074917 0.089986 0.089615 0.098408 0.089234 0.086412 0.093118 0.080560 0.101823 0.072017 0.080751 0.085401 0.057103 0.371039 0.087355 0.075000 0.053398 0.079109 0.110626 0.073226 0.069279 0.068727 0.078982 0.063890 0.071747 0.071816 0.060854 0.048518 0.081683 0.097314 0.083601 0.075580 0.089829 0.075717 0.081056 0.079087 0.073345 0.098577 0.062321 0.077019 0.066058 0.102104 0.087537 0.098592 0.083448 0.093390 0.094594 0.066874 0.086073 0.092731 0.086940 0.073672 0.062288 0.088889 0.101922 
0.091481 0.043558 0.075835 0.093298 0.086215 0.086245 0.082857 0.074155 0.104179 0.060172 0.077541 0.097766 0.099954 0.082517 0.075981 0.093441 0.105486 0.074611 0.079779 0.028273 0.110723 0.108132 0.070474 0.057466 0.091918 0.086064 0.097472 0.103833 0.110389 0.105465 0.094607 0.090627 0.100897 0.119799 0.083542 0.074776 0.104853 0.060586 0.087355 0.549524 0.098321 0.068225 0.098724 0.104834 0.094881 0.098136 0.087925 0.086973 0.090265 0.087782 0.083571 0.082451 0.063760 0.107493 0.121010 0.107133 0.081954 0.115082 0.094149 0.092332 0.098790 0.090006 0.096691 0.047220 0.108134 0.090066 0.103547 0.097710 0.119755 0.099004 0.106195 0.120832 0.094977 0.091391 0.095714 0.102464 0.103426 0.074648 0.100723 0.112488 
0.094729 0.087785 0.156488 0.121597 0.114358 0.102268 0.109744 0.122239 0.113882 0.124732 0.133119 0.133538 0.109285 0.114153 0.105798 0.105830 0.129135 0.127601 0.137330 0.140596 0.132806 0.123011 0.094272 0.087178 0.121955 0.107321 0.123470 0.111538 0.114713 0.133288 0.118387 0.121566 0.158359 0.144446 0.091349 0.139345 0.109116 0.118870 0.075000 0.098321 0.221270 0.090038 0.091663 0.103976 0.116616 0.122412 0.088154 0.075483 0.094848 0.140429 0.132329 0.113455 0.103427 0.094910 0.153863 0.127100 0.089183 0.129796 0.131094 0.092311 0.083354 0.129862 0.105485 0.108748 0.145419 0.108958 0.109739 0.109430 0.092731 0.088231 0.110321 0.126916 0.130487 0.076703 0.120655 0.125106 0.185128 0.101918 0.116366 0.108019 
0.065198 0.062566 0.161757 0.116712 0.130767 0.077870 0.114141 0.132962 0.095209 0.147456 0.107736 0.109557 0.082801 0.101911 0.107874 0.095803 0.108186 0.127378 0.120690 0.191450 0.126139 0.094959 0.062539 0.075464 0.117136 0.083211 0.107117 0.099440 0.100720 0.134745 0.098605 0.109448 0.121747 0.137551 0.071805 0.127411 0.074786 0.103605 0.053398 0.068225 0.090038 0.376958 0.074191 0.075064 0.081932 0.103587 0.083397 0.079464 0.074312 0.113584 0.143280 0.083173 0.118120 0.078300 0.111643 0.103087 0.068087 0.092418 0.095700 0.078295 0.060338 0.126103 0.080426 0.104582 0.124084 0.072053 0.103415 0.090708 0.058466 0.063245 0.117028 0.089797 0.098031 0.060984 0.086747 0.099425 0.164876 0.089842 0.080233 0.138766 
0.074969 0.067845 0.102269 0.095830 0.093755 0.077482 0.087991 0.089965 0.101932 0.085907 0.080216 0.100914 0.089876 0.089687 0.088234 0.095533 0.110243 0.090905 0.093541 0.078382 0.116024 0.101182 0.078233 0.062184 0.102744 0.091136 0.102022 0.102010 0.098924 0.108215 0.092317 0.099412 0.113741 0.122961 0.073657 0.087085 0.108996 0.078168 0.079109 0.098724 0.091663 0.074191 0.298915 0.112251 0.088176 0.106618 0.099888 0.065834 0.089599 0.100607 0.114020 0.088151 0.080292 0.109484 0.115305 0.116032 0.094827 0.113104 0.096622 0.081639 0.083682 0.094202 0.099291 0.060874 0.105785 0.079324 0.117885 0.094015 0.102187 0.096477 0.101857 0.109821 0.115519 0.079164 0.102514 0.113284 0.112664 0.075954 0.091138 0.105991 
0.090424 0.068992 0.129703 0.120071 0.123981 0.084997 0.102439 0.103304 0.128590 0.103518 0.093179 0.121474 0.102690 0.106199 0.104661 0.112947 0.123673 0.107714 0.109554 0.099332 0.128678 0.111473 0.085620 0.075377 0.117121 0.111944 0.127401 0.114699 0.108253 0.118165 0.104663 0.122932 0.138962 0.144783 0.083843 0.110375 0.115626 0.092835 0.110626 0.104834 0.103976 0.075064 0.112251 0.290846 0.093452 0.120564 0.100727 0.074236 0.085287 0.110468 0.133417 0.094386 0.089093 0.112173 0.131996 0.148896 0.103242 0.130296 0.114319 0.080844 0.078472 0.121203 0.128643 0.089852 0.122733 0.091417 0.144624 0.096237 0.126373 0.116457 0.122476 0.136861 0.125373 0.086979 0.135190 0.124948 0.144311 0.086527 0.108499 0.118686 
0.087345 0.066948 0.135591 0.114000 0.108367 0.100947 0.108770 0.115459 0.106857 0.110944 0.108105 0.127573 0.108078 0.109520 0.096781 0.096934 0.120587 0.117722 0.120443 0.128434 0.117359 0.113587 0.081483 0.080658 0.107854 0.098952 0.111654 0.103802 0.117491 0.126120 0.119520 0.117386 0.133989 0.131991 0.090086 0.134086 0.101890 0.104935 0.073226 0.094881 0.116616 0.081932 0.088176 0.093452 0.302054 0.102687 0.084548 0.088707 0.090971 0.127661 0.115466 0.106113 0.099801 0.084803 0.135878 0.110018 0.085080 0.127821 0.117075 0.113003 0.106289 0.117011 0.095383 0.098254 0.130871 0.095508 0.108547 0.126741 0.088598 0.086358 0.110575 0.105538 0.112184 0.074113 0.101602 0.116865 0.155772 0.090601 0.102201 0.102872 
0.089086 0.101792 0.180136 0.138012 0.148305 0.094792 0.121941 0.145571 0.121891 0.157791 0.103278 0.139189 0.098996 0.122337 0.124712 0.113536 0.136417 0.141519 0.140512 0.174004 0.161291 0.136200 0.098537 0.080079 0.143929 0.114276 0.130885 0.125222 0.099708 0.151826 0.104335 0.112732 0.172000 0.173402 0.084831 0.119678 0.117197 0.115622 0.069279 0.098136 0.122412 0.103587 0.106618 0.120564 0.102687 0.312419 0.119610 0.055573 0.110818 0.147848 0.196147 0.121593 0.136388 0.138607 0.143885 0.156113 0.104760 0.139217 0.141569 0.069995 0.066373 0.148544 0.133025 0.097358 0.163313 0.100324 0.146030 0.103552 0.103068 0.098016 0.107712 0.149594 0.177018 0.096195 0.120932 0.164202 0.198977 0.102694 0.119773 0.126345 
0.069909 0.048897 0.080181 0.084084 0.093303 0.072750 0.080570 0.091502 0.088966 0.085093 0.068656 0.106163 0.082204 0.083210 0.085753 0.085049 0.096671 0.078691 0.078070 0.079483 0.118842 0.102553 0.067839 0.045187 0.095585 0.081910 0.081385 0.095837 0.082161 0.094768 0.077006 0.081969 0.104573 0.112915 0.064910 0.066564 0.101400 0.065265 0.068727 0.087925 0.088154 0.083397 0.099888 0.100727 0.084548 0.119610 0.312950 0.089488 0.098165 0.085943 0.097722 0.089538 0.086470 0.113972 0.097845 0.117694 0.087279 0.110150 0.091882 0.064918 0.077292 0.087541 0.100493 0.052870 0.099357 0.077801 0.159057 0.093762 0.097996 0.088937 0.113011 0.100653 0.119238 0.095502 0.095138 0.115883 0.087345 0.063827 0.090114 0.128407 
0.086087 0.032490 0.077150 0.092718 0.087213 0.086994 0.081241 0.082756 0.084164 0.059409 0.080596 0.100921 0.104642 0.082513 0.075207 0.084500 0.092200 0.081150 0.080032 0.069437 0.087154 0.078370 0.054734 0.070705 0.086445 0.069912 0.086811 0.092777 0.121174 0.096107 0.111746 0.113079 0.072369 0.108869 0.081531 0.121488 0.080261 0.074559 0.078982 0.086973 0.075483 0.079464 0.065834 0.074236 0.088707 0.055573 0.089488 0.330713 0.070124 0.078793 0.059817 0.063259 0.050209 0.067717 0.104959 0.068003 0.075071 0.093781 0.085338 0.103004 0.097467 0.091328 0.066898 0.100003 0.084697 0.061016 0.067791 0.098618 0.075304 0.067078 0.122605 0.076595 0.056367 0.071684 0.078800 0.068969 0.067676 0.057942 0.088664 0.099034 
0.068261 0.039160 0.104024 0.096904 0.107913 0.075977 0.099142 0.103441 0.085111 0.112723 0.076852 0.107581 0.090834 0.086806 0.090883 0.091178 0.105753 0.091158 0.094118 0.142153 0.121747 0.099288 0.062529 0.052714 0.089210 0.080694 0.087002 0.091759 0.096975 0.121093 0.089548 0.088290 0.103028 0.115798 0.070243 0.084197 0.095562 0.082982 0.063890 0.090265 0.094848 0.074312 0.089599 0.085287 0.090971 0.110818 0.098165 0.070124 0.256076 0.099400 0.106091 0.094324 0.108801 0.099971 0.112099 0.102508 0.075457 0.104804 0.094752 0.083485 0.088794 0.107955 0.080084 0.069646 0.098062 0.079099 0.081177 0.103596 0.081085 0.077470 0.085186 0.099742 0.127063 0.076424 0.089236 0.093607 0.107887 0.068172 0.096493 0.098404 
0.105700 0.197430 0.219655 0.155745 0.155462 0.122550 0.139402 0.158540 0.135666 0.171322 0.137243 0.167801 0.121738 0.150459 0.134586 0.124176 0.152258 0.179052 0.177439 0.215193 0.162238 0.141727 0.150806 0.106828 0.162081 0.132679 0.157494 0.128898 0.148191 0.168690 0.145546 0.149577 0.183434 0.181097 0.105501 0.195753 0.116888 0.158123 0.071747 0.087782 0.140429 0.113584 0.100607 0.110468 0.127661 0.147848 0.085943 0.078793 0.099400 0.337038 0.188177 0.127223 0.130947 0.096459 0.165024 0.144536 0.123434 0.147426 0.174044 0.099549 0.076384 0.168781 0.119646 0.158907 0.212250 0.110595 0.143382 0.124565 0.081798 0.087253 0.130041 0.143851 0.154714 0.073586 0.125804 0.158089 0.235202 0.115442 0.129352 0.113198 
0.084703 0.148780 0.264557 0.186927 0.235619 0.116572 0.172356 0.182487 0.171873 0.256958 0.145524 0.178746 0.108805 0.169288 0.185532 0.176303 0.168251 0.187785 0.208914 0.383858 0.222659 0.146695 0.117021 0.144984 0.222938 0.143553 0.185243 0.163329 0.128295 0.191094 0.151143 0.172234 0.235937 0.273611 0.112852 0.224489 0.127321 0.191445 0.071816 0.083571 0.132329 0.143280 0.114020 0.133417 0.115466 0.196147 0.097722 0.059817 0.106091 0.188177 0.597368 0.131193 0.185468 0.190805 0.186901 0.173379 0.131944 0.172267 0.182113 0.088644 0.060384 0.256422 0.163396 0.200822 0.206917 0.107472 0.234703 0.139563 0.095157 0.093601 0.140603 0.166868 0.208855 0.111839 0.142849 0.211050 0.310987 0.143186 0.119469 0.132914 
0.081432 0.074845 0.138776 0.105678 0.103884 0.092526 0.095619 0.110246 0.096578 0.115172 0.114990 0.120239 0.094150 0.104227 0.093245 0.090455 0.117342 0.115565 0.117998 0.122918 0.119561 0.117464 0.078638 0.070405 0.104814 0.097552 0.104259 0.097637 0.096706 0.117444 0.100770 0.098913 0.139630 0.130898 0.079581 0.117189 0.098658 0.095122 0.060854 0.082451 0.113455 0.083173 0.088151 0.094386 0.106113 0.121593 0.089538 0.063259 0.094324 0.127223 0.131193 0.266858 0.092530 0.095685 0.141620 0.121068 0.086559 0.121963 0.115951 0.077083 0.069809 0.110885 0.088818 0.084556 0.131402 0.091004 0.094507 0.094498 0.075201 0.075087 0.099423 0.108904 0.145136 0.068134 0.098145 0.108076 0.158244 0.085158 0.105747 0.095717 
0.049875 0.043696 0.195262 0.153206 0.206607 0.073547 0.159660 0.167060 0.102122 0.220114 0.095412 0.132549 0.077658 0.110341 0.150481 0.122059 0.118052 0.140958 0.132285 0.342245 0.163967 0.106000 0.060606 0.069999 0.122484 0.092202 0.109943 0.097416 0.091640 0.164218 0.092345 0.109402 0.131741 0.156834 0.068796 0.126518 0.085545 0.122428 0.048518 0.063760 0.103427 0.118120 0.080292 0.089093 0.099801 0.136388 0.086470 0.050209 0.108801 0.130947 0.185468 0.092530 0.419001 0.079752 0.114529 0.123145 0.070108 0.104620 0.109393 0.073823 0.059119 0.177082 0.093419 0.110568 0.120280 0.077292 0.112544 0.104493 0.082721 0.070397 0.088223 0.104640 0.125833 0.065880 0.095461 0.114948 0.182270 0.090699 0.089343 0.091862 
0.086693 0.075044 0.107749 0.105766 0.110987 0.080750 0.083940 0.085568 0.114671 0.084150 0.081275 0.104145 0.089523 0.101735 0.098805 0.107248 0.119144 0.087483 0.097381 0.081019 0.146839 0.114990 0.083150 0.084128 0.164795 0.093240 0.107198 0.138197 0.102628 0.115462 0.092975 0.097648 0.145150 0.189847 0.079541 0.088259 0.120161 0.080479 0.081683 0.107493 0.094910 0.078300 0.109484 0.112173 0.084803 0.138607 0.113972 0.067717 0.099971 0.096459 0.190805 0.095685 0.079752 0.544440 0.134202 0.127159 0.112206 0.142355 0.105586 0.078291 0.084141 0.132033 0.128009 0.058259 0.117091 0.086565 0.128892 0.115051 0.114431 0.086727 0.104030 0.121143 0.145749 0.145393 0.118805 0.143502 0.126872 0.097814 0.099321 0.132155 
0.125702 0.098398 0.184672 0.162982 0.156503 0.128019 0.137164 0.140802 0.151459 0.143564 0.288239 0.162122 0.167107 0.141430 0.134540 0.143149 0.168645 0.160201 0.154964 0.159404 0.163535 0.143519 0.109618 0.113235 0.157292 0.135532 0.154733 0.149059 0.162246 0.169249 0.159862 0.164300 0.233881 0.193932 0.115168 0.181811 0.145418 0.129170 0.097314 0.121010 0.153863 0.111643 0.115305 0.131996 0.135878 0.143885 0.097845 0.104959 0.112099 0.165024 0.186901 0.141620 0.114529 0.134202 0.434173 0.155074 0.128506 0.177213 0.164902 0.127452 0.115744 0.171859 0.122689 0.145339 0.179285 0.122170 0.149196 0.133080 0.109232 0.111030 0.166395 0.154866 0.159143 0.086766 0.144555 0.150538 0.229605 0.126080 0.141003 0.132442 
