1.000000 0.326575 0.881917 0.103295 0.009850 0.379081 0.239482 0.106245 0.119671 0.136995 0.166398 0.172334 0.217405 0.175459 0.061668 0.055529 0.185494 0.227272 0.265689 0.267735 0.209065 0.118351 0.284477 0.112834 0.142761 0.197544 0.119129 0.221391 0.294667 0.080372 
0.326575 1.000000 0.330780 0.017481 0.017367 0.183395 0.109875 0.079135 0.042650 0.274808 0.115974 0.120218 0.131055 0.117261 0.068026 0.051888 0.123341 0.174647 0.186369 0.105246 0.157544 0.073571 0.141172 0.069221 0.075945 0.108393 0.083743 0.099834 0.080757 0.066544 
0.881917 0.330780 1.000000 0.085582 0.024014 0.415260 0.212863 0.099934 0.102551 0.140070 0.141230 0.154337 0.203914 0.155288 0.038940 0.038202 0.171052 0.222789 0.256099 0.256357 0.202295 0.098033 0.278701 0.093723 0.123176 0.203168 0.097878 0.196341 0.272655 0.058008 
0.103295 0.017481 0.085582 1.000000 0.012912 0.087393 0.097053 0.019942 0.119440 0.069326 0.110561 0.114304 0.111920 0.137778 0.051534 0.055442 0.106581 0.136878 0.142048 0.179622 0.108321 0.377293 0.145935 0.072557 0.099024 0.094225 0.078249 0.121968 0.265969 0.049965 
0.009850 0.017367 0.024014 0.012912 1.000000 0.015800 0.093576 0.072386 0.060400 0.057501 0.116980 0.104045 0.058540 0.116847 0.064175 0.082499 0.111046 0.099922 0.100612 0.084984 0.079651 0.075182 0.056882 0.045116 0.129723 0.066370 0.078048 0.071969 0.012162 0.030684 
0.379081 0.183395 0.415260 0.087393 0.015800 1.000000 0.158608 0.123532 0.186791 0.259823 0.113747 0.119443 0.121107 0.110459 0.035063 0.072215 0.132088 0.206116 0.175126 0.264513 0.124658 0.084691 0.203250 0.072834 0.113154 0.121411 0.084031 0.186008 0.276530 0.035628 
0.239482 0.109875 0.212863 0.097053 0.093576 0.158608 1.000000 0.159163 0.116399 0.159340 0.299415 0.327744 0.345586 0.328787 0.145647 0.162943 0.314078 0.340680 0.325895 0.265115 0.332596 0.185185 0.353760 0.165699 0.285141 0.339657 0.182101 0.226621 0.234279 0.207749 
0.106245 0.079135 0.099934 0.019942 0.072386 0.123532 0.159163 1.000000 0.051860 0.120010 0.147692 0.162357 0.111156 0.148799 0.084172 0.065097 0.152714 0.154137 0.163928 0.110486 0.147645 0.088308 0.118001 0.068027 0.148661 0.116243 0.100016 0.114572 0.079702 0.105493 
0.119671 0.042650 0.102551 0.119440 0.060400 0.186791 0.116399 0.051860 1.000000 0.126100 0.131949 0.107264 0.115365 0.139257 0.086521 0.166448 0.129692 0.160436 0.145375 0.205386 0.114339 0.134746 0.149531 0.079015 0.143961 0.110864 0.107964 0.141953 0.150347 0.004942 
0.136995 0.274808 0.140070 0.069326 0.057501 0.259823 0.159340 0.120010 0.126100 1.000000 0.187956 0.187790 0.165673 0.195897 0.127654 0.146171 0.190468 0.284923 0.237570 0.177464 0.188352 0.217735 0.191264 0.152264 0.189487 0.158611 0.215621 0.237529 0.124492 0.092322 
0.166398 0.115974 0.141230 0.110561 0.116980 0.113747 0.299415 0.147692 0.131949 0.187956 1.000000 0.296274 0.313784 0.327260 0.155662 0.186894 0.303305 0.342789 0.335397 0.261009 0.307333 0.202760 0.322045 0.164169 0.298431 0.301961 0.199629 0.244360 0.184955 0.189992 
0.172334 0.120218 0.154337 0.114304 0.104045 0.119443 0.327744 0.162357 0.107264 0.187790 0.296274 1.000000 0.282607 0.307632 0.155368 0.157221 0.302227 0.325018 0.324155 0.229718 0.304747 0.199143 0.292552 0.153783 0.287068 0.284084 0.184514 0.212789 0.185716 0.219160 
0.217405 0.131055 0.203914 0.111920 0.058540 0.121107 0.345586 0.111156 0.115365 0.165673 0.313784 0.282607 1.000000 0.365805 0.129944 0.213298 0.287675 0.418590 0.365346 0.250792 0.318747 0.186220 0.546935 0.240934 0.299086 0.539845 0.166851 0.206660 0.267663 0.191308 
0.175459 0.117261 0.155288 0.137778 0.116847 0.110459 0.328787 0.148799 0.139257 0.195897 0.327260 0.307632 0.365805 1.000000 0.165436 0.215450 0.327770 0.383690 0.353415 0.272490 0.314827 0.227818 0.381373 0.184655 0.324553 0.375334 0.199491 0.225544 0.188494 0.193669 
0.061668 0.068026 0.038940 0.051534 0.064175 0.035063 0.145647 0.084172 0.086521 0.127654 0.155662 0.155368 0.129944 0.165436 1.000000 0.179640 0.147132 0.160749 0.153551 0.107390 0.141081 0.147195 0.120376 0.111535 0.164792 0.128510 0.143212 0.147229 0.072115 0.154834 
0.055529 0.051888 0.038202 0.055442 0.082499 0.072215 0.162943 0.065097 0.166448 0.146171 0.186894 0.157221 0.213298 0.215450 0.179640 1.000000 0.167123 0.225386 0.179058 0.195126 0.139963 0.156510 0.219850 0.144019 0.216548 0.228453 0.150539 0.157083 0.083733 0.084823 
0.185494 0.123341 0.171052 0.106581 0.111046 0.132088 0.314078 0.152714 0.129692 0.190468 0.303305 0.302227 0.287675 0.327770 0.147132 0.167123 1.000000 0.339759 0.337150 0.256746 0.328983 0.194959 0.307391 0.150484 0.292631 0.288903 0.183645 0.212296 0.187863 0.182391 
0.227272 0.174647 0.222789 0.136878 0.099922 0.206116 0.340680 0.154137 0.160436 0.284923 0.342789 0.325018 0.418590 0.383690 0.160749 0.225386 0.339759 1.000000 0.408728 0.306258 0.353092 0.223641 0.465656 0.200811 0.337682 0.441035 0.203270 0.238929 0.227153 0.170464 
0.265689 0.186369 0.256099 0.142048 0.100612 0.175126 0.325895 0.163928 0.145375 0.237570 0.335397 0.324155 0.365346 0.353415 0.153551 0.179058 0.337150 0.408728 1.000000 0.286811 0.356961 0.223719 0.384308 0.177852 0.321696 0.351327 0.202915 0.240962 0.224957 0.187715 
0.267735 0.105246 0.256357 0.179622 0.084984 0.264513 0.265115 0.110486 0.205386 0.177464 0.261009 0.229718 0.250792 0.272490 0.107390 0.195126 0.256746 0.306258 0.286811 1.000000 0.250929 0.194381 0.304564 0.125983 0.254692 0.245326 0.149704 0.209704 0.239173 0.024897 
0.209065 0.157544 0.202295 0.108321 0.079651 0.124658 0.332596 0.147645 0.114339 0.188352 0.307333 0.304747 0.318747 0.314827 0.141081 0.139963 0.328983 0.353092 0.356961 0.250929 1.000000 0.190059 0.336303 0.151602 0.276053 0.315187 0.181780 0.211604 0.202027 0.208525 
0.118351 0.073571 0.098033 0.377293 0.075182 0.084691 0.185185 0.088308 0.134746 0.217735 0.202760 0.199143 0.186220 0.227818 0.147195 0.156510 0.194959 0.223641 0.223719 0.194381 0.190059 1.000000 0.195409 0.188683 0.206118 0.177422 0.243417 0.270426 0.196937 0.155470 
0.284477 0.141172 0.278701 0.145935 0.056882 0.203250 0.353760 0.118001 0.149531 0.191264 0.322045 0.292552 0.546935 0.381373 0.120376 0.219850 0.307391 0.465656 0.384308 0.304564 0.336303 0.195409 1.000000 0.233350 0.315164 0.617032 0.168600 0.225482 0.278173 0.146332 
0.112834 0.069221 0.093723 0.072557 0.045116 0.072834 0.165699 0.068027 0.079015 0.152264 0.164169 0.153783 0.240934 0.184655 0.111535 0.144019 0.150484 0.200811 0.177852 0.125983 0.151602 0.188683 0.233350 1.000000 0.160723 0.231123 0.172093 0.196707 0.137610 0.130667 
0.142761 0.075945 0.123176 0.099024 0.129723 0.113154 0.285141 0.148661 0.143961 0.189487 0.298431 0.287068 0.299086 0.324553 0.164792 0.216548 0.292631 0.337682 0.321696 0.254692 0.276053 0.206118 0.315164 0.160723 1.000000 0.308229 0.194670 0.219166 0.167131 0.167248 
0.197544 0.108393 0.203168 0.094225 0.066370 0.121411 0.339657 0.116243 0.110864 0.158611 0.301961 0.284084 0.539845 0.375334 0.128510 0.228453 0.288903 0.441035 0.351327 0.245326 0.315187 0.177422 0.617032 0.231123 0.308229 1.000000 0.166555 0.203137 0.230976 0.199361 
0.119129 0.083743 0.097878 0.078249 0.078048 0.084031 0.182101 0.100016 0.107964 0.215621 0.199629 0.184514 0.166851 0.199491 0.143212 0.150539 0.183645 0.203270 0.202915 0.149704 0.181780 0.243417 0.168600 0.172093 0.194670 0.166555 1.000000 0.275509 0.125895 0.157636 
0.221391 0.099834 0.196341 0.121968 0.071969 0.186008 0.226621 0.114572 0.141953 0.237529 0.244360 0.212789 0.206660 0.225544 0.147229 0.157083 0.212296 0.238929 0.240962 0.209704 0.211604 0.270426 0.225482 0.196707 0.219166 0.203137 0.275509 1.000000 0.220797 0.158672 
0.294667 0.080757 0.272655 0.265969 0.012162 0.276530 0.234279 0.079702 0.150347 0.124492 0.184955 0.185716 0.267663 0.188494 0.072115 0.083733 0.187863 0.227153 0.224957 0.239173 0.202027 0.196937 0.278173 0.137610 0.167131 0.230976 0.125895 0.220797 1.000000 0.118672 
0.080372 0.066544 0.058008 0.049965 0.030684 0.035628 0.207749 0.105493 0.004942 0.092322 0.189992 0.219160 0.191308 0.193669 0.154834 0.084823 0.182391 0.170464 0.187715 0.024897 0.208525 0.155470 0.146332 0.130667 0.167248 0.199361 0.157636 0.158672 0.118672 1.000000 
