1.000000 0.088921 0.011878 0.842658 0.613435 0.358392 0.017495 0.896655 0.108740 0.108099 0.601434 0.277505 0.124129 
0.088921 1.000000 0.135430 0.102197 0.032709 0.391186 0.046113 0.099539 0.057719 0.066991 0.201762 0.132128 0.415941 
0.011878 0.135430 1.000000 0.003958 0.142211 0.097421 0.059180 0.000967 0.592090 0.027321 0.011444 0.018667 0.170940 
0.842658 0.102197 0.003958 1.000000 0.534014 0.406161 0.022919 0.738386 0.108075 0.116993 0.560554 0.501927 0.165140 
0.613435 0.032709 0.142211 0.534014 1.000000 0.079383 0.096119 0.580505 0.218879 0.125550 0.504893 0.289889 0.042564 
0.358392 0.391186 0.097421 0.406161 0.079383 1.000000 0.004002 0.337823 0.035162 0.049373 0.351328 0.317987 0.550210 
0.017495 0.046113 0.059180 0.022919 0.096119 0.004002 1.000000 0.021854 0.084862 0.000105 0.017431 0.013380 0.003699 
0.896655 0.099539 0.000967 0.738386 0.580505 0.337823 0.021854 1.000000 0.093877 0.107382 0.709395 0.310803 0.114262 
0.108740 0.057719 0.592090 0.108075 0.218879 0.035162 0.084862 0.093877 1.000000 0.070340 0.082588 0.063332 0.210775 
0.108099 0.066991 0.027321 0.116993 0.125550 0.049373 0.000105 0.107382 0.070340 1.000000 0.108209 0.091625 0.079700 
0.601434 0.201762 0.011444 0.560554 0.504893 0.351328 0.017431 0.709395 0.082588 0.108209 1.000000 0.621352 0.194942 
0.277505 0.132128 0.018667 0.501927 0.289889 0.317987 0.013380 0.310803 0.063332 0.091625 0.621352 1.000000 0.187599 
0.124129 0.415941 0.170940 0.165140 0.042564 0.550210 0.003699 0.114262 0.210775 0.079700 0.194942 0.187599 1.000000 
