1.000000 0.294385 0.336731 0.176224 0.146828 0.382075 0.233495 0.193203 0.237675 
0.294385 1.000000 0.313819 0.144794 0.146980 0.297211 0.268989 0.376244 0.395012 
0.336731 0.313819 1.000000 0.175768 0.184602 0.417955 0.263947 0.380554 0.287546 
0.176224 0.144794 0.175768 1.000000 0.120121 0.254317 0.220222 0.147480 0.209534 
0.146828 0.146980 0.184602 0.120121 1.000000 0.187150 0.146924 0.175421 0.159892 
0.382075 0.297211 0.417955 0.254317 0.187150 1.000000 0.323971 0.287330 0.285641 
0.233495 0.268989 0.263947 0.220222 0.146924 0.323971 1.000000 0.243248 0.321583 
0.193203 0.376244 0.380554 0.147480 0.175421 0.287330 0.243248 1.000000 0.402791 
0.237675 0.395012 0.287546 0.209534 0.159892 0.285641 0.321583 0.402791 1.000000 
