1.000000 0.129184 0.067194 0.776196 0.592852 0.607402 0.131542 0.738951 0.179208 0.064968 0.656066 0.420904 0.131151 0.131025 0.017328 0.223477 0.355575 0.081784 0.254362 0.094541 0.058726 0.339191 0.327320 0.401865 0.146777 0.152851 0.202075 0.321104 0.037701 0.172113 0.187644 0.333020 0.160861 0.154117 0.170852 0.260962 0.185288 0.011672 0.168346 0.101678 0.192027 0.164465 0.096268 0.117057 0.402817 0.185349 0.271475 0.208539 0.096328 0.113215 0.079175 0.127806 0.228675 0.369289 0.089351 0.333261 0.071203 0.019089 0.238120 0.148202 0.249063 0.240167 0.020976 0.125173 0.019322 0.202178 0.252016 0.024916 0.222799 0.248606 0.026774 0.034440 0.028396 0.048866 0.267218 0.232774 0.003081 0.161886 0.045686 0.157875 0.132973 0.118672 0.139957 0.096542 0.214539 0.023661 0.088997 0.089779 0.220463 0.150881 0.008442 0.313988 0.245449 
0.129184 1.000000 0.024105 0.109203 0.014462 0.275519 0.147173 0.062779 0.106338 0.010916 0.091644 0.202194 0.236493 0.046652 0.092119 0.072186 0.210534 0.048718 0.065194 0.076643 0.038329 0.133721 0.093334 0.175847 0.095522 0.060583 0.070570 0.242806 0.052079 0.089276 0.067153 0.191722 0.067897 0.049278 0.090680 0.164114 0.052764 0.018654 0.059740 0.061325 0.089987 0.058566 0.052559 0.076269 0.180699 0.083147 0.125607 0.095918 0.088902 0.082689 0.064305 0.070083 0.044028 0.180881 0.030082 0.135295 0.054564 0.016079 0.060070 0.068677 0.071403 0.082673 0.027791 0.089850 0.017033 0.069005 0.134507 0.043910 0.039528 0.051670 0.046668 0.038725 0.025289 0.017586 0.242967 0.067196 0.025258 0.082552 0.055124 0.078524 0.058557 0.051532 0.068381 0.039365 0.087607 0.026301 0.037541 0.045498 0.048224 0.277497 0.016736 0.019836 0.133670 
0.067194 0.024105 1.000000 0.026557 0.099784 0.049851 0.144517 0.015906 0.321851 0.018721 0.030546 0.066809 0.260931 0.059633 0.193999 0.075055 0.030276 0.104840 0.031424 0.053390 0.103452 0.050210 0.007413 0.018669 0.035961 0.046789 0.082523 0.016599 0.138518 0.106639 0.020651 0.052433 0.072358 0.074098 0.070590 0.102483 0.063073 0.036776 0.055881 0.107088 0.082450 0.056927 0.057592 0.111395 0.057896 0.073667 0.082042 0.099461 0.125342 0.130978 0.108721 0.116107 0.045873 0.056527 0.031326 0.027734 0.123573 0.039108 0.089135 0.108512 0.075327 0.098222 0.076886 0.152964 0.097855 0.078237 0.129463 0.132947 0.065542 0.070161 0.121460 0.105034 0.120471 0.051098 0.011122 0.088223 0.105973 0.106018 0.149488 0.106840 0.107033 0.080544 0.125961 0.070979 0.090089 0.107621 0.103046 0.118617 0.073525 0.081718 0.005110 0.086300 0.134139 
0.776196 0.109203 0.026557 1.000000 0.574380 0.502238 0.078769 0.576830 0.152730 0.086404 0.603183 0.579232 0.121042 0.155212 0.003536 0.178393 0.316602 0.090707 0.265194 0.088734 0.046960 0.371787 0.368440 0.390430 0.157749 0.174504 0.201561 0.339867 0.005080 0.187556 0.201970 0.299695 0.160631 0.162690 0.188701 0.250035 0.192710 0.001889 0.193168 0.106649 0.217693 0.191564 0.075177 0.096002 0.442391 0.209624 0.281090 0.220726 0.090719 0.127075 0.076937 0.124322 0.240185 0.400461 0.105332 0.358269 0.050795 0.002372 0.190552 0.125107 0.243169 0.209506 0.004566 0.111984 0.049400 0.201836 0.251918 0.065199 0.183516 0.213639 0.072191 0.009809 0.001688 0.059043 0.250190 0.226526 0.028314 0.143463 0.023882 0.151728 0.114905 0.130505 0.126409 0.111266 0.212451 0.054022 0.077170 0.082578 0.218170 0.192102 0.005545 0.343713 0.226977 
0.592852 0.014462 0.099784 0.574380 1.000000 0.206582 0.107830 0.536167 0.190073 0.108482 0.487915 0.363681 0.068827 0.142035 0.041992 0.234261 0.321272 0.108214 0.298624 0.094744 0.077183 0.332210 0.302859 0.384983 0.140167 0.147801 0.210649 0.262861 0.042281 0.199914 0.175886 0.301974 0.160745 0.164880 0.163222 0.240954 0.204919 0.015210 0.180945 0.109761 0.197247 0.185103 0.110323 0.128312 0.367383 0.196791 0.261117 0.205531 0.103799 0.135898 0.090249 0.156585 0.252766 0.333952 0.120584 0.311621 0.085816 0.017039 0.234241 0.162304 0.269754 0.218332 0.031767 0.146012 0.006617 0.205211 0.222090 0.012393 0.225775 0.251056 0.018604 0.053963 0.033558 0.082114 0.199328 0.256942 0.013046 0.161424 0.063714 0.177824 0.154706 0.155281 0.161058 0.134021 0.215934 0.008358 0.122592 0.099218 0.251660 0.120113 0.001127 0.399644 0.258680 
0.607402 0.275519 0.049851 0.502238 0.206582 1.000000 0.120799 0.479737 0.102666 0.030927 0.446566 0.351669 0.187987 0.061083 0.001805 0.133092 0.274283 0.036956 0.145442 0.069043 0.026755 0.218272 0.198945 0.276161 0.098903 0.081385 0.119199 0.282495 0.004641 0.104441 0.116380 0.262215 0.095690 0.072466 0.102190 0.188589 0.087591 0.007138 0.093554 0.059264 0.108198 0.096518 0.056831 0.072406 0.277890 0.110896 0.182963 0.116746 0.056261 0.062471 0.035248 0.068423 0.123017 0.267495 0.050424 0.217750 0.030784 0.006970 0.135652 0.082626 0.141593 0.156586 0.002813 0.069981 0.030971 0.120235 0.204784 0.037844 0.116282 0.141555 0.029770 0.003873 0.018785 0.020178 0.252170 0.131683 0.016285 0.095511 0.013087 0.090167 0.067905 0.064107 0.074167 0.049767 0.126751 0.031165 0.034969 0.033106 0.116079 0.209450 0.013242 0.124868 0.141164 
0.131542 0.147173 0.144517 0.078769 0.107830 0.120799 1.000000 0.039706 0.182669 0.014284 0.055639 0.141059 0.104859 0.060758 0.118719 0.078539 0.045747 0.079059 0.029023 0.054461 0.055400 0.083347 0.069285 0.081548 0.055425 0.072969 0.082086 0.099111 0.103547 0.083120 0.050970 0.017653 0.068572 0.071129 0.089449 0.110792 0.080731 0.024385 0.069120 0.070792 0.088457 0.045378 0.044223 0.071430 0.107238 0.070763 0.102260 0.113147 0.107542 0.084716 0.082639 0.077952 0.052642 0.096868 0.032004 0.085205 0.078337 0.031625 0.077756 0.088186 0.075367 0.085545 0.047306 0.099886 0.045790 0.075670 0.110019 0.081884 0.063168 0.064011 0.075360 0.052972 0.068666 0.026553 0.061597 0.082234 0.049377 0.096582 0.088221 0.085322 0.077352 0.059224 0.088121 0.050024 0.090450 0.051128 0.081625 0.080577 0.059494 0.058020 0.001440 0.032700 0.109975 
0.738951 0.062779 0.015906 0.576830 0.536167 0.479737 0.039706 1.000000 0.088628 0.063531 0.770626 0.260949 0.083161 0.101957 0.006473 0.262244 0.410218 0.097639 0.345890 0.078851 0.050157 0.324674 0.289679 0.424752 0.140149 0.099083 0.169495 0.282858 0.008596 0.201060 0.148793 0.462088 0.133207 0.122176 0.143660 0.226481 0.170304 0.000831 0.175670 0.107069 0.181205 0.186876 0.082331 0.115470 0.382167 0.200838 0.228265 0.160357 0.088361 0.132184 0.074682 0.157008 0.215848 0.364338 0.072500 0.292305 0.043457 0.011147 0.234790 0.124006 0.250658 0.238861 0.004458 0.111458 0.024935 0.174505 0.215490 0.042215 0.196449 0.243468 0.051171 0.015965 0.014014 0.040191 0.286485 0.227397 0.018788 0.099054 0.024790 0.135205 0.118235 0.095208 0.112551 0.075359 0.170557 0.033352 0.074612 0.046555 0.228289 0.136185 0.006557 0.325669 0.165718 
0.179208 0.106338 0.321851 0.152730 0.190073 0.102666 0.182669 0.088628 1.000000 0.056455 0.087992 0.184663 0.152209 0.067482 0.055710 0.087005 0.055260 0.013378 0.015479 0.079265 0.085197 0.128821 0.129658 0.123267 0.079450 0.091277 0.133256 0.130926 0.104256 0.053335 0.115060 0.004001 0.121886 0.133840 0.083076 0.155867 0.074886 0.047857 0.053903 0.045704 0.067124 0.036290 0.082373 0.105505 0.130033 0.065705 0.150934 0.106730 0.045349 0.031171 0.054561 0.020638 0.117627 0.120029 0.083093 0.150462 0.117389 0.083953 0.115517 0.130052 0.109644 0.126431 0.068929 0.115667 0.088444 0.141063 0.098505 0.094808 0.137941 0.122157 0.124036 0.108791 0.151292 0.072974 0.064991 0.111573 0.102333 0.147241 0.112728 0.098601 0.123770 0.122183 0.126945 0.101796 0.147491 0.102085 0.108002 0.124907 0.120273 0.057078 0.000859 0.106844 0.221457 
0.064968 0.010916 0.018721 0.086404 0.108482 0.030927 0.014284 0.063531 0.056455 1.000000 0.047356 0.059508 0.038740 0.058013 0.018818 0.081527 0.083760 0.067670 0.162696 0.076615 0.080406 0.222055 0.098947 0.153428 0.066262 0.074299 0.123319 0.118611 0.000843 0.112443 0.103728 0.090250 0.089509 0.067113 0.075534 0.164376 0.110947 0.006070 0.120271 0.071892 0.111108 0.115821 0.054387 0.064458 0.151509 0.109936 0.125240 0.138846 0.058953 0.101274 0.055773 0.086994 0.156838 0.167895 0.597299 0.138203 0.049425 0.001325 0.090385 0.088613 0.126607 0.088875 0.014768 0.073361 0.009451 0.122392 0.134951 0.013321 0.078860 0.117571 0.019658 0.020990 0.017108 0.501601 0.075997 0.134935 0.000187 0.086702 0.036811 0.088238 0.083785 0.476017 0.099761 0.551340 0.090907 0.011584 0.253398 0.030969 0.167935 0.048728 0.000644 0.296566 0.147523 
0.656066 0.091644 0.030546 0.603183 0.487915 0.446566 0.055639 0.770626 0.087992 0.047356 1.000000 0.436898 0.050400 0.126943 0.014943 0.240535 0.395727 0.072410 0.288116 0.081247 0.028756 0.364970 0.378863 0.435952 0.158433 0.141755 0.172444 0.329025 0.007825 0.169395 0.193549 0.393039 0.149511 0.149947 0.165918 0.231653 0.185436 0.000956 0.182775 0.086279 0.190747 0.156326 0.079655 0.093702 0.419691 0.203102 0.261111 0.186248 0.074466 0.105166 0.073764 0.117005 0.226976 0.378773 0.077899 0.359754 0.033746 0.001268 0.187547 0.106850 0.240774 0.223451 0.000441 0.088510 0.042087 0.183191 0.203265 0.060318 0.214735 0.208542 0.067855 0.002496 0.003634 0.027379 0.272486 0.203808 0.029670 0.119048 0.009819 0.123135 0.103320 0.091571 0.101915 0.071110 0.201794 0.049206 0.060076 0.061437 0.205552 0.157902 0.006223 0.292464 0.188993 
0.420904 0.202194 0.066809 0.579232 0.363681 0.351669 0.141059 0.260949 0.184663 0.059508 0.436898 1.000000 0.174980 0.172262 0.048863 0.119259 0.199758 0.082513 0.170976 0.087627 0.038178 0.342828 0.353990 0.317241 0.153597 0.194280 0.181160 0.339234 0.019490 0.153119 0.186083 0.155194 0.145870 0.158616 0.192535 0.221694 0.154964 0.009129 0.169046 0.095876 0.204755 0.148033 0.064588 0.079374 0.414074 0.185736 0.283251 0.226908 0.103054 0.118471 0.081251 0.102130 0.186167 0.367949 0.097881 0.340714 0.063210 0.016539 0.116523 0.112106 0.189060 0.160299 0.015539 0.118911 0.040350 0.177376 0.244164 0.042838 0.131180 0.131801 0.049717 0.024404 0.027827 0.049390 0.190508 0.172193 0.010927 0.154816 0.040964 0.141588 0.102193 0.128830 0.119410 0.107314 0.213441 0.036352 0.064957 0.105484 0.145830 0.259525 0.003354 0.225503 0.243886 
0.131151 0.236493 0.260931 0.121042 0.068827 0.187987 0.104859 0.083161 0.152209 0.038740 0.050400 0.174980 1.000000 0.090415 0.209676 0.095028 0.117143 0.163440 0.143695 0.059222 0.071459 0.138754 0.068952 0.125576 0.084116 0.074246 0.071683 0.157759 0.054835 0.183204 0.029824 0.143521 0.059898 0.048041 0.126828 0.135762 0.092386 0.008384 0.114168 0.156491 0.156783 0.127362 0.045803 0.093551 0.181170 0.137514 0.113155 0.140484 0.176737 0.215000 0.137180 0.195009 0.043465 0.183391 0.041885 0.091371 0.075825 0.023698 0.078537 0.076652 0.097093 0.094346 0.035548 0.144732 0.022246 0.066881 0.207653 0.054075 0.018521 0.059773 0.008986 0.039231 0.001090 0.047054 0.142944 0.096872 0.029841 0.063792 0.098057 0.112305 0.077684 0.073477 0.100858 0.070838 0.075400 0.026333 0.069686 0.068657 0.063572 0.170942 0.002408 0.114972 0.078091 
0.131025 0.046652 0.059633 0.155212 0.142035 0.061083 0.060758 0.101957 0.067482 0.058013 0.126943 0.172262 0.090415 1.000000 0.114300 0.165305 0.138797 0.144076 0.199003 0.097043 0.065106 0.257728 0.270436 0.214144 0.155333 0.248062 0.148985 0.211373 0.057232 0.185876 0.191928 0.130781 0.154587 0.175066 0.299468 0.202632 0.227323 0.006202 0.227723 0.135278 0.276036 0.129050 0.087736 0.107049 0.258601 0.197343 0.190736 0.331538 0.168390 0.195683 0.166622 0.170288 0.173440 0.226736 0.104171 0.263400 0.065437 0.018136 0.102356 0.088243 0.177750 0.113118 0.035267 0.107865 0.001658 0.149189 0.177830 0.028201 0.120517 0.125832 0.011728 0.042176 0.060837 0.057661 0.107509 0.140458 0.012977 0.126627 0.071959 0.126598 0.094793 0.099577 0.110241 0.099241 0.181513 0.000058 0.091228 0.182058 0.129097 0.099630 0.000252 0.212776 0.154820 
0.017328 0.092119 0.193999 0.003536 0.041992 0.001805 0.118719 0.006473 0.055710 0.018818 0.014943 0.048863 0.209676 0.114300 1.000000 0.123925 0.073611 0.241429 0.133584 0.054535 0.087342 0.106388 0.026453 0.076649 0.088446 0.101913 0.064247 0.099882 0.224336 0.237765 0.000131 0.092625 0.053748 0.040887 0.166954 0.129682 0.137398 0.035431 0.150533 0.197534 0.207592 0.134663 0.047672 0.104592 0.149655 0.164370 0.101869 0.196577 0.273650 0.296847 0.200237 0.279087 0.024800 0.139542 0.028209 0.045090 0.099260 0.010750 0.086951 0.091000 0.106701 0.093516 0.120006 0.182061 0.123916 0.053436 0.240286 0.226905 0.015168 0.049169 0.108526 0.058830 0.106358 0.077872 0.087208 0.111417 0.126653 0.081687 0.243727 0.145623 0.087310 0.061144 0.121878 0.065708 0.075996 0.123518 0.167210 0.198386 0.048505 0.103482 0.003101 0.074180 0.068697 
0.223477 0.072186 0.075055 0.178393 0.234261 0.133092 0.078539 0.262244 0.087005 0.081527 0.240535 0.119259 0.095028 0.165305 0.123925 1.000000 0.331513 0.184003 0.302639 0.130118 0.118303 0.280336 0.229259 0.346697 0.183836 0.180285 0.168889 0.241029 0.078251 0.265016 0.170588 0.330013 0.175690 0.149212 0.228244 0.265966 0.267244 0.019257 0.251950 0.175904 0.262283 0.169697 0.149748 0.171920 0.284753 0.249212 0.215954 0.238777 0.208037 0.234277 0.200089 0.250343 0.199186 0.276092 0.122385 0.252461 0.100852 0.014413 0.197478 0.150766 0.241217 0.184855 0.054591 0.160348 0.036175 0.171932 0.201986 0.068040 0.219667 0.211606 0.021835 0.065945 0.061897 0.073162 0.228540 0.218120 0.036357 0.140226 0.102469 0.173995 0.149748 0.117885 0.150959 0.112066 0.196967 0.034322 0.130802 0.113250 0.216050 0.102412 0.002822 0.283272 0.183030 
0.355575 0.210534 0.030276 0.316602 0.321272 0.274283 0.045747 0.410218 0.055260 0.083760 0.395727 0.199758 0.117143 0.138797 0.073611 0.331513 1.000000 0.161024 0.406985 0.112511 0.071950 0.366587 0.304480 0.532533 0.224343 0.139371 0.290118 0.406306 0.013304 0.269584 0.175100 0.624528 0.153937 0.229062 0.192704 0.294852 0.242246 0.005152 0.238018 0.148998 0.252617 0.209672 0.111942 0.149880 0.440951 0.284039 0.259664 0.205154 0.151450 0.206413 0.118213 0.240567 0.340601 0.420425 0.094666 0.343756 0.148865 0.010639 0.345700 0.240988 0.405160 0.300758 0.026006 0.234473 0.013939 0.300833 0.311933 0.018405 0.349874 0.386843 0.038711 0.097043 0.018995 0.059559 0.609403 0.384840 0.006295 0.196840 0.054387 0.289574 0.248288 0.196805 0.240409 0.105507 0.205224 0.020817 0.106293 0.071297 0.383285 0.200424 0.009789 0.416434 0.185902 
0.081784 0.048718 0.104840 0.090707 0.108214 0.036956 0.079059 0.097639 0.013378 0.067670 0.072410 0.082513 0.163440 0.144076 0.241429 0.184003 0.161024 1.000000 0.309803 0.073770 0.115770 0.172312 0.097965 0.165381 0.131010 0.127632 0.077821 0.137355 0.031301 0.344118 0.048108 0.272995 0.078538 0.058052 0.211432 0.156901 0.219929 0.006068 0.250897 0.275912 0.277638 0.218915 0.084959 0.111926 0.208731 0.258161 0.118054 0.217670 0.274471 0.415714 0.238539 0.391709 0.147122 0.207003 0.069794 0.107240 0.057716 0.052862 0.114299 0.080368 0.159003 0.096158 0.038287 0.145132 0.002255 0.075844 0.195086 0.030642 0.033823 0.108324 0.039462 0.042832 0.046735 0.055751 0.142462 0.188771 0.008821 0.038855 0.083761 0.262012 0.085223 0.069969 0.105396 0.077712 0.068836 0.011899 0.092057 0.060077 0.111202 0.115490 0.002704 0.210991 0.044332 
0.254362 0.065194 0.031424 0.265194 0.298624 0.145442 0.029023 0.345890 0.015479 0.162696 0.288116 0.170976 0.143695 0.199003 0.133584 0.302639 0.406985 0.309803 1.000000 0.109513 0.102883 0.371087 0.273705 0.427609 0.214780 0.136413 0.169003 0.297484 0.057885 0.409876 0.163832 0.540176 0.152869 0.125813 0.220218 0.264301 0.308694 0.012537 0.305128 0.247641 0.321101 0.334304 0.159351 0.174394 0.388572 0.330057 0.215122 0.238792 0.211886 0.384032 0.168513 0.444945 0.256221 0.394581 0.141380 0.288897 0.053902 0.064941 0.218754 0.131243 0.331339 0.177432 0.012505 0.165734 0.038824 0.178830 0.229144 0.059087 0.146699 0.252930 0.101613 0.027631 0.089983 0.104899 0.316914 0.275801 0.031742 0.049437 0.049368 0.202367 0.164568 0.142329 0.150556 0.137789 0.139249 0.049665 0.144051 0.043845 0.294685 0.204326 0.000108 0.518105 0.104847 
0.094541 0.076643 0.053390 0.088734 0.094744 0.069043 0.054461 0.078851 0.079265 0.076615 0.081247 0.087627 0.059222 0.097043 0.054535 0.130118 0.112511 0.073770 0.109513 1.000000 0.075191 0.165277 0.149515 0.163961 0.119271 0.127667 0.102250 0.159768 0.051020 0.114479 0.129427 0.107190 0.122896 0.104883 0.138778 0.169258 0.131791 0.022667 0.121944 0.082660 0.135955 0.078661 0.093121 0.103539 0.160719 0.118266 0.136704 0.145518 0.097313 0.103088 0.103182 0.089628 0.110438 0.153454 0.109017 0.162968 0.070126 0.034971 0.094439 0.089859 0.111764 0.097459 0.040569 0.088567 0.035184 0.107795 0.097643 0.051324 0.096253 0.100385 0.044795 0.049642 0.070429 0.068101 0.105158 0.104779 0.042239 0.099923 0.067406 0.091620 0.085607 0.100445 0.086805 0.096692 0.121572 0.039405 0.086527 0.083235 0.109453 0.096732 0.004220 0.124508 0.137392 
0.058726 0.038329 0.103452 0.046960 0.077183 0.026755 0.055400 0.050157 0.085197 0.080406 0.028756 0.038178 0.071459 0.065106 0.087342 0.118303 0.071950 0.115770 0.102883 0.075191 1.000000 0.101070 0.066614 0.099257 0.081186 0.074199 0.092084 0.087980 0.062010 0.126330 0.068749 0.068655 0.090830 0.077405 0.100987 0.150226 0.106708 0.025724 0.100686 0.103165 0.107058 0.078652 0.090922 0.106001 0.102013 0.100474 0.096209 0.107475 0.108068 0.125675 0.110473 0.111607 0.091512 0.102772 0.100436 0.085244 0.087218 0.028271 0.098432 0.093253 0.096978 0.092827 0.053929 0.106248 0.058731 0.091279 0.102337 0.074736 0.077529 0.096575 0.063998 0.066661 0.070856 0.084913 0.069947 0.107869 0.066638 0.090677 0.092514 0.124859 0.094241 0.099479 0.096619 0.096127 0.089645 0.063296 0.103283 0.080878 0.102556 0.033592 0.000583 0.111629 0.105675 
0.339191 0.133721 0.050210 0.371787 0.332210 0.218272 0.083347 0.324674 0.128821 0.222055 0.364970 0.342828 0.138754 0.257728 0.106388 0.280336 0.366587 0.172312 0.371087 0.165277 0.101070 1.000000 0.629385 0.581964 0.318356 0.380735 0.257267 0.547138 0.039169 0.297832 0.367804 0.356630 0.287936 0.289820 0.378285 0.362296 0.340997 0.014278 0.343627 0.184947 0.376291 0.237122 0.141565 0.161840 0.609161 0.346670 0.454612 0.384885 0.189942 0.250648 0.197569 0.227612 0.337908 0.574010 0.270047 0.603305 0.111251 0.032709 0.223288 0.182228 0.340549 0.233942 0.047815 0.187817 0.012313 0.292040 0.295122 0.003694 0.235770 0.264341 0.040410 0.059171 0.053321 0.163033 0.304938 0.278523 0.011118 0.205795 0.091479 0.216190 0.175392 0.254768 0.192827 0.251581 0.328924 0.011277 0.171551 0.182841 0.285853 0.249618 0.005943 0.448319 0.277459 
0.327320 0.093334 0.007413 0.368440 0.302859 0.198945 0.069285 0.289679 0.129658 0.098947 0.378863 0.353990 0.068952 0.270436 0.026453 0.229259 0.304480 0.097965 0.273705 0.149515 0.066614 0.629385 1.000000 0.545667 0.337695 0.440122 0.238836 0.543838 0.027444 0.207960 0.430227 0.264633 0.307683 0.316850 0.379910 0.320218 0.299094 0.017103 0.298692 0.121413 0.332180 0.170793 0.127171 0.127196 0.566761 0.299405 0.443907 0.373694 0.116774 0.155901 0.149735 0.127617 0.330675 0.524721 0.176335 0.643681 0.084496 0.076022 0.177972 0.141880 0.289192 0.201932 0.038952 0.127546 0.010165 0.289762 0.214913 0.017440 0.242821 0.231541 0.027326 0.046527 0.104814 0.081255 0.244313 0.226316 0.016982 0.201254 0.062536 0.174799 0.145970 0.170449 0.149428 0.151185 0.342384 0.007300 0.119937 0.198906 0.239987 0.189963 0.006591 0.361567 0.279538 
0.401865 0.175847 0.018669 0.390430 0.384983 0.276161 0.081548 0.424752 0.123267 0.153428 0.435952 0.317241 0.125576 0.214144 0.076649 0.346697 0.532533 0.165381 0.427609 0.163961 0.099257 0.581964 0.545667 1.000000 0.313984 0.276597 0.258768 0.585466 0.035217 0.298417 0.308437 0.520769 0.252108 0.242128 0.298861 0.379538 0.309947 0.018498 0.303568 0.175286 0.327735 0.238548 0.160221 0.182447 0.618551 0.338126 0.434873 0.317139 0.177560 0.228773 0.159938 0.242749 0.329528 0.588622 0.188682 0.569256 0.107112 0.026794 0.258566 0.189506 0.357539 0.254525 0.044978 0.189016 0.005190 0.277898 0.277506 0.004064 0.289803 0.302890 0.025427 0.062744 0.038967 0.114814 0.431267 0.303708 0.015162 0.192216 0.082982 0.223524 0.191211 0.201930 0.196771 0.185637 0.299611 0.005603 0.160662 0.140257 0.315749 0.248544 0.011088 0.468895 0.283438 
0.146777 0.095522 0.035961 0.157749 0.140167 0.098903 0.055425 0.140149 0.079450 0.066262 0.158433 0.153597 0.084116 0.155333 0.088446 0.183836 0.224343 0.131010 0.214780 0.119271 0.081186 0.318356 0.337695 0.313984 1.000000 0.250148 0.145369 0.391517 0.040243 0.209970 0.217793 0.255572 0.182625 0.167838 0.256512 0.244096 0.212285 0.016265 0.225363 0.134189 0.252676 0.146232 0.111708 0.123333 0.315502 0.293152 0.230716 0.248309 0.146260 0.182996 0.146655 0.154481 0.187085 0.333922 0.116619 0.324117 0.071405 0.029982 0.125418 0.102854 0.193313 0.129641 0.037714 0.122294 0.019861 0.168575 0.152869 0.024954 0.127647 0.145677 0.005854 0.041788 0.055774 0.058681 0.223627 0.158386 0.023623 0.122490 0.070079 0.129873 0.106946 0.108171 0.110205 0.097494 0.190607 0.017410 0.090514 0.117281 0.162855 0.121207 0.003054 0.210676 0.156909 
0.152851 0.060583 0.046789 0.174504 0.147801 0.081385 0.072969 0.099083 0.091277 0.074299 0.141755 0.194280 0.074246 0.248062 0.101913 0.180285 0.139371 0.127632 0.136413 0.127667 0.074199 0.380735 0.440122 0.276597 0.250148 1.000000 0.165035 0.308304 0.079337 0.180086 0.310581 0.115460 0.235647 0.237366 0.445229 0.260010 0.275432 0.012421 0.290265 0.138332 0.341266 0.112457 0.102732 0.107757 0.327691 0.252995 0.269853 0.468916 0.176795 0.192659 0.207001 0.142079 0.211900 0.295798 0.152892 0.408014 0.073591 0.108015 0.106739 0.096799 0.178127 0.119220 0.045935 0.105035 0.003879 0.193410 0.177862 0.036219 0.145880 0.130278 0.002086 0.032639 0.103494 0.074418 0.108840 0.142056 0.016662 0.173760 0.078694 0.131346 0.093469 0.122407 0.109259 0.123671 0.263367 0.004310 0.104789 0.223565 0.127826 0.101293 0.002209 0.204136 0.192635 
0.202075 0.070570 0.082523 0.201561 0.210649 0.119199 0.082086 0.169495 0.133256 0.123319 0.172444 0.181160 0.071683 0.148985 0.064247 0.168889 0.290118 0.077821 0.169003 0.102250 0.092084 0.257267 0.238836 0.258768 0.145369 0.165035 1.000000 0.230197 0.075218 0.150435 0.175604 0.156846 0.161101 0.323432 0.171092 0.219557 0.176951 0.034373 0.160319 0.116133 0.174430 0.118102 0.107196 0.130254 0.256196 0.163908 0.217903 0.191444 0.106495 0.111287 0.097414 0.105809 0.326318 0.242071 0.146735 0.260613 0.251784 0.059795 0.314922 0.286706 0.348279 0.304999 0.061638 0.287067 0.055333 0.349707 0.277958 0.057293 0.308619 0.345929 0.059227 0.183490 0.104593 0.113510 0.269517 0.336757 0.069533 0.297422 0.108879 0.274784 0.299178 0.305491 0.290408 0.160600 0.197431 0.062378 0.151556 0.152088 0.353395 0.072720 0.000591 0.254989 0.223866 
0.321104 0.242806 0.016599 0.339867 0.262861 0.282495 0.099111 0.282858 0.130926 0.118611 0.329025 0.339234 0.157759 0.211373 0.099882 0.241029 0.406306 0.137355 0.297484 0.159768 0.087980 0.547138 0.543838 0.585466 0.391517 0.308304 0.230197 1.000000 0.052937 0.246543 0.305153 0.398650 0.243454 0.237190 0.314588 0.364599 0.260021 0.022807 0.264809 0.158641 0.310770 0.191170 0.136080 0.153821 0.596848 0.318987 0.426774 0.322879 0.170528 0.202955 0.158608 0.184308 0.273526 0.575336 0.168654 0.555911 0.107612 0.044441 0.195751 0.162490 0.285940 0.217153 0.048101 0.176074 0.003182 0.253316 0.265742 0.012290 0.212322 0.227167 0.004651 0.058955 0.058607 0.097864 0.392974 0.240910 0.026165 0.195932 0.088833 0.195543 0.160684 0.184713 0.173762 0.166563 0.284439 0.006274 0.131515 0.157179 0.236061 0.273826 0.011373 0.336466 0.274681 
0.037701 0.052079 0.138518 0.005080 0.042281 0.004641 0.103547 0.008596 0.104256 0.000843 0.007825 0.019490 0.054835 0.057232 0.224336 0.078251 0.013304 0.031301 0.057885 0.051020 0.062010 0.039169 0.027444 0.035217 0.040243 0.079337 0.075218 0.052937 1.000000 0.029305 0.034001 0.045812 0.065968 0.071731 0.077627 0.103178 0.073346 0.055412 0.041504 0.034545 0.067005 0.018029 0.060595 0.074883 0.046153 0.036116 0.086738 0.111778 0.101943 0.030241 0.084962 0.024409 0.042605 0.029366 0.024216 0.049065 0.103585 0.104298 0.079483 0.095907 0.059335 0.080206 0.120868 0.102907 0.146829 0.066889 0.093257 0.237288 0.091733 0.058708 0.216441 0.087292 0.243058 0.054632 0.019454 0.065546 0.152330 0.133935 0.189987 0.090044 0.079051 0.052337 0.097138 0.047633 0.104556 0.151187 0.139209 0.197743 0.044005 0.025552 0.000272 0.008193 0.152673 
0.172113 0.089276 0.106639 0.187556 0.199914 0.104441 0.083120 0.201060 0.053335 0.112443 0.169395 0.153119 0.183204 0.185876 0.237765 0.265016 0.269584 0.344118 0.409876 0.114479 0.126330 0.297832 0.207960 0.298417 0.209970 0.180086 0.150435 0.246543 0.029305 1.000000 0.136014 0.374243 0.154136 0.120713 0.271699 0.252095 0.286295 0.001333 0.316847 0.288346 0.333170 0.283190 0.114524 0.166011 0.327519 0.326260 0.206338 0.266002 0.285602 0.422124 0.253227 0.403484 0.193474 0.325601 0.129528 0.223390 0.084354 0.045356 0.173594 0.129686 0.250137 0.163573 0.040133 0.192833 0.009223 0.157460 0.269659 0.027771 0.093608 0.180841 0.041288 0.050716 0.027372 0.092059 0.232383 0.232628 0.007324 0.083385 0.112836 0.196275 0.137509 0.128199 0.152352 0.124330 0.140925 0.002915 0.136427 0.096876 0.232496 0.160609 0.001362 0.337870 0.106627 
0.187644 0.067153 0.020651 0.201970 0.175886 0.116380 0.050970 0.148793 0.115060 0.103728 0.193549 0.186083 0.029824 0.191928 0.000131 0.170588 0.175100 0.048108 0.163832 0.129427 0.068749 0.367804 0.430227 0.308437 0.217793 0.310581 0.175604 0.305153 0.034001 0.136014 1.000000 0.147598 0.340973 0.243235 0.265162 0.246418 0.217872 0.026543 0.200023 0.078077 0.219733 0.102631 0.115763 0.119191 0.300505 0.190629 0.257951 0.259330 0.067756 0.093675 0.106828 0.066721 0.236475 0.280064 0.174367 0.402861 0.073147 0.087044 0.125054 0.110143 0.189743 0.139004 0.041055 0.085037 0.022718 0.223839 0.114942 0.013579 0.183538 0.170828 0.026021 0.053992 0.111738 0.091929 0.141124 0.150086 0.041876 0.156407 0.058933 0.106984 0.115398 0.148766 0.113296 0.138215 0.240783 0.028670 0.109341 0.153542 0.183455 0.112334 0.003807 0.234921 0.223356 
0.333020 0.191722 0.052433 0.299695 0.301974 0.262215 0.017653 0.462088 0.004001 0.090250 0.393039 0.155194 0.143521 0.130781 0.092625 0.330013 0.624528 0.272995 0.540176 0.107190 0.068655 0.356630 0.264633 0.520769 0.255572 0.115460 0.156846 0.398650 0.045812 0.374243 0.147598 1.000000 0.137089 0.100806 0.208332 0.294382 0.249023 0.013500 0.286322 0.219968 0.302551 0.290295 0.097575 0.153049 0.449276 0.349770 0.218244 0.203026 0.191972 0.336616 0.141063 0.361298 0.231404 0.445433 0.081067 0.307543 0.033550 0.056262 0.214748 0.117724 0.304760 0.190094 0.001063 0.144890 0.043554 0.161237 0.210236 0.061094 0.162562 0.245208 0.092904 0.005997 0.092676 0.053184 0.521910 0.265893 0.043352 0.046310 0.025414 0.179306 0.121035 0.093309 0.124137 0.080256 0.130590 0.058288 0.085585 0.023902 0.268236 0.205668 0.006046 0.424039 0.094405 
0.160861 0.067897 0.072358 0.160631 0.160745 0.095690 0.068572 0.133207 0.121886 0.089509 0.149511 0.145870 0.059898 0.154587 0.053748 0.175690 0.153937 0.078538 0.152869 0.122896 0.090830 0.287936 0.307683 0.252108 0.182625 0.235647 0.161101 0.243454 0.065968 0.154136 0.340973 0.137089 1.000000 0.203489 0.230235 0.234055 0.200322 0.031451 0.184682 0.101180 0.201203 0.107530 0.115738 0.135169 0.248749 0.178781 0.220197 0.227291 0.105365 0.122743 0.128652 0.099283 0.196635 0.234557 0.141583 0.302133 0.092786 0.070664 0.133944 0.121897 0.175441 0.141552 0.052410 0.112869 0.048468 0.193898 0.130343 0.055964 0.160094 0.159708 0.053361 0.071891 0.117188 0.085402 0.130513 0.150448 0.060456 0.150874 0.088648 0.120613 0.122350 0.135135 0.123984 0.124340 0.202909 0.054103 0.115938 0.147664 0.170689 0.086806 0.002059 0.196709 0.204835 
0.154117 0.049278 0.074098 0.162690 0.164880 0.072466 0.071129 0.122176 0.133840 0.067113 0.149947 0.158616 0.048041 0.175066 0.040887 0.149212 0.229062 0.058052 0.125813 0.104883 0.077405 0.289820 0.316850 0.242128 0.167838 0.237366 0.323432 0.237190 0.071731 0.120713 0.243235 0.100806 0.203489 1.000000 0.239286 0.204492 0.203985 0.034733 0.199451 0.074694 0.208915 0.091282 0.097964 0.110776 0.244318 0.178859 0.226909 0.223705 0.076576 0.084232 0.113827 0.065543 0.389934 0.223917 0.109447 0.312825 0.252684 0.081746 0.293055 0.282950 0.351142 0.304236 0.058802 0.256053 0.059606 0.384711 0.261266 0.063032 0.347436 0.350252 0.070324 0.201117 0.146585 0.074007 0.215183 0.305153 0.076358 0.331972 0.099768 0.268128 0.296760 0.268865 0.291976 0.119992 0.230221 0.066796 0.121023 0.201909 0.346661 0.045391 0.000295 0.214759 0.227303 
0.170852 0.090680 0.070590 0.188701 0.163222 0.102190 0.089449 0.143660 0.083076 0.075534 0.165918 0.192535 0.126828 0.299468 0.166954 0.228244 0.192704 0.211432 0.220218 0.138778 0.100987 0.378285 0.379910 0.298861 0.256512 0.445229 0.171092 0.314588 0.077627 0.271699 0.265162 0.208332 0.230235 0.239286 1.000000 0.281323 0.311473 0.008762 0.346860 0.202101 0.396776 0.173007 0.112727 0.139075 0.355844 0.302261 0.265058 0.405840 0.247936 0.281098 0.262101 0.235738 0.219519 0.328079 0.141439 0.365960 0.081823 0.035067 0.134031 0.113322 0.218148 0.146496 0.046151 0.144345 0.008787 0.192638 0.230522 0.050497 0.132509 0.147731 0.009780 0.036554 0.076932 0.074531 0.165634 0.175890 0.016041 0.159456 0.101514 0.161005 0.110938 0.119876 0.129582 0.121107 0.241671 0.007128 0.114626 0.221021 0.154656 0.141688 0.002672 0.220287 0.172943 
0.260962 0.164114 0.102483 0.250035 0.240954 0.188589 0.110792 0.226481 0.155867 0.164376 0.231653 0.221694 0.135762 0.202632 0.129682 0.265966 0.294852 0.156901 0.264301 0.169258 0.150226 0.362296 0.320218 0.379538 0.244096 0.260010 0.219557 0.364599 0.103178 0.252095 0.246418 0.294382 0.234055 0.204492 0.281323 1.000000 0.265207 0.035073 0.255482 0.182383 0.288015 0.180192 0.171256 0.202387 0.384991 0.261388 0.291747 0.310036 0.203172 0.218473 0.191508 0.212284 0.237813 0.360720 0.219061 0.353292 0.136035 0.052961 0.203865 0.179739 0.252132 0.211804 0.072222 0.189169 0.050319 0.225312 0.244461 0.077419 0.208508 0.220809 0.056585 0.087182 0.105421 0.149256 0.270895 0.231140 0.064660 0.206677 0.131733 0.197828 0.173733 0.210538 0.185730 0.202237 0.248745 0.053871 0.182012 0.171412 0.230672 0.178020 0.007608 0.291318 0.264384 
0.185288 0.052764 0.063073 0.192710 0.204919 0.087591 0.080731 0.170304 0.074886 0.110947 0.185436 0.154964 0.092386 0.227323 0.137398 0.267244 0.242246 0.219929 0.308694 0.131791 0.106708 0.340997 0.299094 0.309947 0.212285 0.275432 0.176951 0.260021 0.073346 0.286295 0.217872 0.249023 0.200322 0.203985 0.311473 0.265207 1.000000 0.007737 0.307554 0.183598 0.347003 0.186059 0.153224 0.147851 0.308557 0.270720 0.234230 0.321640 0.233825 0.263302 0.230414 0.259840 0.256576 0.290173 0.145243 0.307971 0.128635 0.011710 0.182357 0.161303 0.321495 0.166529 0.079035 0.150297 0.008018 0.196221 0.214753 0.046350 0.193075 0.209122 0.006923 0.101213 0.050644 0.088419 0.178551 0.223901 0.014384 0.148871 0.090964 0.194955 0.137809 0.135409 0.183067 0.137841 0.215547 0.004984 0.142300 0.145242 0.241027 0.099090 0.001458 0.399747 0.197004 
0.011672 0.018654 0.036776 0.001889 0.015210 0.007138 0.024385 0.000831 0.047857 0.006070 0.000956 0.009129 0.008384 0.006202 0.035431 0.019257 0.005152 0.006068 0.012537 0.022667 0.025724 0.014278 0.017103 0.018498 0.016265 0.012421 0.034373 0.022807 0.055412 0.001333 0.026543 0.013500 0.031451 0.034733 0.008762 0.035073 0.007737 1.000000 0.002374 0.004627 0.000986 0.001538 0.025258 0.030326 0.012450 0.004681 0.032371 0.012437 0.002427 0.002854 0.010075 0.007385 0.024290 0.012292 0.016026 0.025936 0.039332 0.051555 0.030462 0.036255 0.020033 0.032607 0.046783 0.030820 0.074747 0.036127 0.010052 0.072023 0.040989 0.032540 0.076385 0.036970 0.085788 0.035897 0.011719 0.024196 0.071536 0.040823 0.074846 0.021535 0.037517 0.029166 0.035012 0.022037 0.036751 0.077109 0.063069 0.067515 0.030173 0.005011 0.000297 0.006300 0.060171 
0.168346 0.059740 0.055881 0.193168 0.180945 0.093554 0.069120 0.175670 0.053903 0.120271 0.182775 0.169046 0.114168 0.227723 0.150533 0.251950 0.238018 0.250897 0.305128 0.121944 0.100686 0.343627 0.298692 0.303568 0.225363 0.290265 0.160319 0.264809 0.041504 0.316847 0.200023 0.286322 0.184682 0.199451 0.346860 0.255482 0.307554 0.002374 1.000000 0.218702 0.370375 0.227844 0.111966 0.138797 0.328599 0.390158 0.229855 0.322441 0.240651 0.308757 0.258078 0.284331 0.231617 0.309616 0.155295 0.305154 0.067984 0.008899 0.156207 0.112156 0.240805 0.147445 0.033739 0.141562 0.000623 0.177433 0.218800 0.027995 0.128378 0.169998 0.031388 0.028300 0.026641 0.096274 0.184881 0.206051 0.001339 0.116544 0.083014 0.168113 0.114266 0.134319 0.126916 0.137078 0.198398 0.006833 0.124034 0.136074 0.195329 0.119870 0.000141 0.288613 0.136620 
0.101678 0.061325 0.107088 0.106649 0.109761 0.059264 0.070792 0.107069 0.045704 0.071892 0.086279 0.095876 0.156491 0.135278 0.197534 0.175904 0.148998 0.275912 0.247641 0.082660 0.103165 0.184947 0.121413 0.175286 0.134189 0.138332 0.116133 0.158641 0.034545 0.288346 0.078077 0.219968 0.101180 0.074694 0.202101 0.182383 0.183598 0.004627 0.218702 1.000000 0.242281 0.183847 0.076589 0.116129 0.215971 0.217656 0.138362 0.209256 0.231761 0.336788 0.206594 0.313110 0.093065 0.215844 0.090227 0.133154 0.068334 0.029496 0.121658 0.090347 0.145816 0.110757 0.033938 0.144526 0.012295 0.091589 0.194003 0.036244 0.051146 0.111766 0.021934 0.032494 0.016538 0.067425 0.136454 0.147703 0.012127 0.065841 0.092427 0.133151 0.092322 0.091736 0.109728 0.091784 0.093003 0.008012 0.146295 0.078254 0.116705 0.113980 0.001114 0.189887 0.069000 
0.192027 0.089987 0.082450 0.217693 0.197247 0.108198 0.088457 0.181205 0.067124 0.111108 0.190747 0.204755 0.156783 0.276036 0.207592 0.262283 0.252617 0.277638 0.321101 0.135955 0.107058 0.376291 0.332180 0.327735 0.252676 0.341266 0.174430 0.310770 0.067005 0.333170 0.219733 0.302551 0.201203 0.208915 0.396776 0.288015 0.347003 0.000986 0.370375 0.242281 1.000000 0.226789 0.119392 0.154017 0.379505 0.337735 0.259521 0.388391 0.296401 0.340798 0.276138 0.315962 0.244001 0.351135 0.150012 0.335694 0.083532 0.007926 0.160597 0.126288 0.260775 0.159884 0.042969 0.168723 0.006824 0.190538 0.266593 0.038778 0.133806 0.177014 0.033889 0.031339 0.025677 0.091696 0.214090 0.218777 0.000081 0.139646 0.099430 0.192442 0.124772 0.139160 0.148716 0.145224 0.219814 0.012027 0.127007 0.166471 0.191912 0.161099 0.001000 0.302409 0.163831 
0.164465 0.058566 0.056927 0.191564 0.185103 0.096518 0.045378 0.186876 0.036290 0.115821 0.156326 0.148033 0.127362 0.129050 0.134663 0.169697 0.209672 0.218915 0.334304 0.078661 0.078652 0.237122 0.170793 0.238548 0.146232 0.112457 0.118102 0.191170 0.018029 0.283190 0.102631 0.290295 0.107530 0.091282 0.173007 0.180192 0.186059 0.001538 0.227844 0.183847 0.226789 1.000000 0.075423 0.112825 0.258906 0.245802 0.151928 0.180756 0.171482 0.271406 0.139595 0.263908 0.147824 0.260136 0.109865 0.180980 0.046991 0.036053 0.129320 0.088786 0.191257 0.122472 0.015430 0.127934 0.007257 0.116984 0.188216 0.014772 0.070347 0.138604 0.045725 0.040062 0.037158 0.083825 0.180035 0.169917 0.003504 0.043380 0.059129 0.129511 0.096673 0.114062 0.105201 0.110590 0.099338 0.012248 0.095354 0.051557 0.169195 0.140849 0.000536 0.271913 0.082929 
0.096268 0.052559 0.057592 0.075177 0.110323 0.056831 0.044223 0.082331 0.082373 0.054387 0.079655 0.064588 0.045803 0.087736 0.047672 0.149748 0.111942 0.084959 0.159351 0.093121 0.090922 0.141565 0.127171 0.160221 0.111708 0.102732 0.107196 0.136080 0.060595 0.114524 0.115763 0.097575 0.115738 0.097964 0.112727 0.171256 0.153224 0.025258 0.111966 0.076589 0.119392 0.075423 1.000000 0.131817 0.130931 0.103005 0.128144 0.131671 0.103122 0.104328 0.106013 0.128682 0.114515 0.131253 0.084646 0.145592 0.081603 0.038760 0.113811 0.103552 0.141489 0.106252 0.049250 0.094026 0.045863 0.114466 0.092048 0.062130 0.116319 0.125149 0.056357 0.066619 0.081763 0.054404 0.091520 0.114631 0.053503 0.102669 0.073111 0.100637 0.107832 0.083710 0.095280 0.077406 0.117652 0.050494 0.153563 0.078300 0.130202 0.053336 0.002338 0.170416 0.153361 
0.117057 0.076269 0.111395 0.096002 0.128312 0.072406 0.071430 0.115470 0.105505 0.064458 0.093702 0.079374 0.093551 0.107049 0.104592 0.171920 0.149880 0.111926 0.174394 0.103539 0.106001 0.161840 0.127196 0.182447 0.123333 0.107757 0.130254 0.153821 0.074883 0.166011 0.119191 0.153049 0.135169 0.110776 0.139075 0.202387 0.147851 0.030326 0.138797 0.116129 0.154017 0.112825 0.131817 1.000000 0.168265 0.150762 0.140667 0.152452 0.149175 0.150551 0.130216 0.150404 0.123396 0.164782 0.090185 0.152134 0.098405 0.035874 0.134264 0.120385 0.163535 0.128263 0.056618 0.147517 0.059894 0.126575 0.135187 0.077270 0.120577 0.138668 0.065911 0.076236 0.084466 0.065208 0.132578 0.139406 0.066597 0.115548 0.101744 0.122531 0.121237 0.103176 0.118511 0.092174 0.131289 0.065298 0.115042 0.097654 0.142237 0.099573 0.001316 0.166360 0.154857 
0.402817 0.180699 0.057896 0.442391 0.367383 0.277890 0.107238 0.382167 0.130033 0.151509 0.419691 0.414074 0.181170 0.258601 0.149655 0.284753 0.440951 0.208731 0.388572 0.160719 0.102013 0.609161 0.566761 0.618551 0.315502 0.327691 0.256196 0.596848 0.046153 0.327519 0.300505 0.449276 0.248749 0.244318 0.355844 0.384991 0.308557 0.012450 0.328599 0.215971 0.379505 0.258906 0.130931 0.168265 1.000000 0.355051 0.471454 0.374313 0.229345 0.287560 0.203326 0.271500 0.302285 0.639289 0.196757 0.570272 0.114224 0.008911 0.231510 0.177998 0.331523 0.249651 0.043388 0.213980 0.019355 0.273993 0.337691 0.004747 0.217049 0.254061 0.051968 0.048149 0.021007 0.119222 0.396437 0.291378 0.004012 0.202588 0.100083 0.236165 0.178520 0.213090 0.197757 0.198058 0.302643 0.019476 0.151776 0.165224 0.271763 0.298441 0.007588 0.424040 0.262522 
0.185349 0.083147 0.073667 0.209624 0.196791 0.110896 0.070763 0.200838 0.065705 0.109936 0.203102 0.185736 0.137514 0.197343 0.164370 0.249212 0.284039 0.258161 0.330057 0.118266 0.100474 0.346670 0.299405 0.338126 0.293152 0.252995 0.163908 0.318987 0.036116 0.326260 0.190629 0.349770 0.178781 0.178859 0.302261 0.261388 0.270720 0.004681 0.390158 0.217656 0.337735 0.245802 0.103005 0.150762 0.355051 1.000000 0.236093 0.293496 0.223267 0.311098 0.225126 0.289871 0.224874 0.352611 0.138727 0.300889 0.078089 0.008880 0.162975 0.117386 0.245171 0.161685 0.035729 0.162969 0.002757 0.179085 0.229273 0.017460 0.129082 0.177104 0.032450 0.040850 0.006755 0.087640 0.235599 0.214430 0.006614 0.111845 0.088147 0.175203 0.124242 0.135204 0.137501 0.131130 0.190196 0.003462 0.116029 0.118450 0.204826 0.162466 0.001218 0.312135 0.140146 
0.271475 0.125607 0.082042 0.281090 0.261117 0.182963 0.102260 0.228265 0.150934 0.125240 0.261111 0.283251 0.113155 0.190736 0.101869 0.215954 0.259664 0.118054 0.215122 0.136704 0.096209 0.454612 0.443907 0.434873 0.230716 0.269853 0.217903 0.426774 0.086738 0.206338 0.257951 0.218244 0.220197 0.226909 0.265058 0.291747 0.234230 0.032371 0.229855 0.138362 0.259521 0.151928 0.128144 0.140667 0.471454 0.236093 1.000000 0.286616 0.151991 0.170030 0.152000 0.154302 0.245967 0.437716 0.175921 0.448770 0.124513 0.058209 0.190562 0.167445 0.247063 0.201536 0.062274 0.170864 0.035089 0.236797 0.234264 0.052169 0.208919 0.210937 0.035351 0.080442 0.104614 0.111309 0.225154 0.222550 0.054685 0.200910 0.111628 0.183372 0.165538 0.190769 0.174601 0.176279 0.266251 0.041272 0.146706 0.168653 0.217517 0.170350 0.003177 0.287143 0.273683 
