1.000000 0.199515 0.261928 0.163644 0.113375 0.159645 0.155257 
0.199515 1.000000 0.283367 0.221486 0.155981 0.279447 0.248592 
0.261928 0.283367 1.000000 0.245027 0.165294 0.264089 0.262774 
0.163644 0.221486 0.245027 1.000000 0.124555 0.248628 0.182786 
0.113375 0.155981 0.165294 0.124555 1.000000 0.140244 0.237302 
0.159645 0.279447 0.264089 0.248628 0.140244 1.000000 0.245592 
0.155257 0.248592 0.262774 0.182786 0.237302 0.245592 1.000000 
