1.000000 0.035459 0.128127 0.753664 0.201275 0.190909 0.042089 0.654899 0.259899 0.132742 0.426602 0.208938 0.107683 0.455019 0.456961 0.153606 0.217976 0.455992 0.440692 0.347218 0.133954 0.140156 0.120600 0.155033 0.448692 0.328681 0.163494 0.092749 0.056505 0.100790 0.174696 0.117381 0.205296 0.111026 0.176091 0.267813 0.111936 0.296530 0.098625 0.289479 0.272976 0.109467 0.077956 0.233412 0.212291 0.212791 0.136390 0.341111 0.113049 0.230220 0.158168 0.166923 0.118773 0.205535 0.196860 0.112047 0.038880 0.206433 0.169758 0.090326 0.191359 0.353393 0.080033 
0.035459 1.000000 0.019154 0.036840 0.055499 0.187498 0.158755 0.118399 0.102161 0.070081 0.191490 0.131771 0.268495 0.104758 0.151994 0.139148 0.057106 0.154560 0.021498 0.180528 0.041053 0.079143 0.084178 0.048968 0.060844 0.039733 0.064897 0.079983 0.064875 0.025039 0.051233 0.059646 0.053262 0.051073 0.049568 0.100202 0.070971 0.096844 0.079644 0.133376 0.080209 0.017654 0.069178 0.084454 0.097060 0.074345 0.088843 0.042701 0.078462 0.093196 0.058675 0.110612 0.098708 0.040045 0.067528 0.050380 0.100759 0.076434 0.085022 0.069517 0.070112 0.000199 0.121513 
0.128127 0.019154 1.000000 0.257495 0.722093 0.004314 0.050534 0.071382 0.108281 0.082163 0.046277 0.202559 0.144768 0.155218 0.163533 0.065549 0.102220 0.028217 0.045043 0.038409 0.056373 0.078777 0.063360 0.076197 0.109061 0.109046 0.071032 0.044006 0.010128 0.048888 0.138154 0.060558 0.098179 0.049156 0.053978 0.060891 0.049195 0.125991 0.042581 0.123842 0.175367 0.051946 0.031951 0.079389 0.081076 0.066146 0.060122 0.066292 0.043327 0.079857 0.054893 0.085315 0.063507 0.153716 0.086481 0.034530 0.138445 0.078436 0.064881 0.044020 0.088809 0.173554 0.049082 
0.753664 0.036840 0.257495 1.000000 0.335835 0.207395 0.016620 0.507123 0.307199 0.164105 0.365683 0.376249 0.141560 0.465332 0.455317 0.134589 0.257362 0.380025 0.335392 0.302631 0.147482 0.150255 0.129792 0.186494 0.433921 0.312596 0.176620 0.115620 0.048275 0.133954 0.220193 0.137953 0.252699 0.132925 0.193857 0.233668 0.119040 0.322007 0.095731 0.330904 0.321801 0.143648 0.095573 0.243128 0.226494 0.206074 0.148632 0.298192 0.113601 0.243130 0.162760 0.185026 0.138047 0.264109 0.216553 0.144693 0.060580 0.238238 0.176221 0.104995 0.218169 0.411204 0.119322 
0.201275 0.055499 0.722093 0.335835 1.000000 0.040437 0.065948 0.134924 0.182118 0.125282 0.120903 0.235832 0.158019 0.229515 0.241178 0.100752 0.155563 0.084072 0.096851 0.078796 0.084912 0.102570 0.096531 0.117397 0.171621 0.168616 0.129771 0.077044 0.037721 0.096084 0.186197 0.093849 0.140719 0.082480 0.111220 0.114512 0.083112 0.175783 0.071618 0.174521 0.236898 0.103814 0.064543 0.130622 0.121872 0.107193 0.098488 0.126831 0.076096 0.129618 0.096266 0.117324 0.096796 0.208035 0.132894 0.066673 0.147732 0.129828 0.104154 0.078132 0.133460 0.239806 0.093369 
0.190909 0.187498 0.004314 0.207395 0.040437 1.000000 0.066275 0.181960 0.025089 0.032121 0.191561 0.223373 0.342041 0.102949 0.258247 0.087975 0.078942 0.180893 0.042494 0.167946 0.037969 0.046007 0.058994 0.040400 0.101973 0.052868 0.059768 0.068892 0.057171 0.018616 0.047618 0.051446 0.051435 0.056185 0.057313 0.097217 0.052270 0.106443 0.069234 0.146762 0.076426 0.011741 0.070754 0.070248 0.088332 0.109689 0.084632 0.059213 0.065632 0.090453 0.062911 0.078586 0.079132 0.046859 0.051630 0.056427 0.043891 0.083764 0.078036 0.062972 0.067201 0.013045 0.102964 
0.042089 0.158755 0.050534 0.016620 0.065948 0.066275 1.000000 0.078494 0.170818 0.044441 0.116771 0.082522 0.099922 0.081106 0.114761 0.138544 0.033830 0.002678 0.008877 0.000651 0.046575 0.062038 0.069310 0.034031 0.038367 0.025812 0.059707 0.068638 0.060505 0.017546 0.051946 0.051813 0.027732 0.052691 0.048790 0.080529 0.053132 0.032148 0.064978 0.044125 0.022704 0.006180 0.062866 0.037978 0.076177 0.071583 0.081736 0.030616 0.064820 0.064247 0.064664 0.090755 0.084385 0.020100 0.091189 0.056061 0.133591 0.055794 0.075507 0.064805 0.061839 0.034213 0.114348 
0.654899 0.118399 0.071382 0.507123 0.134924 0.181960 0.078494 1.000000 0.300714 0.150961 0.583731 0.241768 0.163887 0.409969 0.440461 0.195709 0.190108 0.486788 0.458846 0.388134 0.133358 0.157105 0.140218 0.148541 0.354663 0.330572 0.147253 0.115368 0.064754 0.095557 0.162972 0.115419 0.199266 0.110898 0.168408 0.303210 0.129541 0.280651 0.111457 0.288927 0.250172 0.101686 0.094875 0.239701 0.214883 0.209345 0.149590 0.334829 0.125171 0.235061 0.160043 0.193974 0.141450 0.173337 0.189759 0.128095 0.089243 0.213269 0.186361 0.098043 0.176679 0.270494 0.122794 
0.259899 0.102161 0.108281 0.307199 0.182118 0.025089 0.170818 0.300714 1.000000 0.155623 0.343157 0.336684 0.136643 0.297423 0.287144 0.233148 0.163819 0.085567 0.142736 0.032325 0.127183 0.158536 0.142881 0.129330 0.208696 0.196683 0.154984 0.156326 0.108840 0.121179 0.157475 0.127621 0.165877 0.141175 0.150032 0.187941 0.148679 0.182304 0.143228 0.195750 0.183454 0.113584 0.148686 0.143402 0.206980 0.157814 0.183404 0.170147 0.143359 0.196253 0.159996 0.203127 0.194901 0.167203 0.174130 0.181429 0.150703 0.216316 0.174506 0.144941 0.182060 0.105251 0.290244 
0.132742 0.070081 0.082163 0.164105 0.125282 0.032121 0.044441 0.150961 0.155623 1.000000 0.160213 0.161655 0.090858 0.228631 0.172552 0.134067 0.211068 0.202398 0.230915 0.218989 0.176980 0.277811 0.203896 0.257868 0.264510 0.359044 0.221709 0.186974 0.069031 0.606570 0.282203 0.216281 0.329886 0.146221 0.243189 0.276499 0.202427 0.325641 0.146461 0.343855 0.366390 0.745584 0.101944 0.292390 0.214512 0.118632 0.159714 0.191996 0.110676 0.226856 0.146827 0.204775 0.143018 0.212818 0.374127 0.166575 0.122748 0.241460 0.175178 0.109134 0.173262 0.323076 0.173704 
0.426602 0.191490 0.046277 0.365683 0.120903 0.191561 0.116771 0.583731 0.343157 0.160213 1.000000 0.329641 0.211697 0.359500 0.388295 0.214429 0.199085 0.400765 0.348208 0.328242 0.133637 0.167864 0.149729 0.151987 0.275571 0.291293 0.148015 0.142453 0.080421 0.094629 0.168217 0.125068 0.202129 0.120499 0.170075 0.276153 0.144753 0.267164 0.127785 0.294875 0.230418 0.099556 0.118389 0.226059 0.211266 0.189890 0.159174 0.272769 0.131581 0.229878 0.149117 0.204931 0.162535 0.181083 0.186365 0.149456 0.115781 0.223054 0.185313 0.113956 0.172649 0.200424 0.193097 
0.208938 0.131771 0.202559 0.376249 0.235832 0.223373 0.082522 0.241768 0.336684 0.161655 0.329641 1.000000 0.235323 0.285357 0.311545 0.170349 0.194131 0.162036 0.106832 0.156801 0.119062 0.149022 0.125668 0.155057 0.212503 0.201895 0.122918 0.141577 0.057848 0.118545 0.180040 0.127252 0.215925 0.128135 0.134082 0.152134 0.117883 0.235895 0.105256 0.281223 0.255353 0.121818 0.125761 0.170544 0.193543 0.138691 0.149001 0.137413 0.106346 0.197492 0.121202 0.188702 0.159246 0.221021 0.176828 0.150407 0.115406 0.213325 0.154530 0.115832 0.162794 0.184850 0.231226 
0.107683 0.268495 0.144768 0.141560 0.158019 0.342041 0.099922 0.163887 0.136643 0.090858 0.211697 0.235323 1.000000 0.168058 0.227278 0.171696 0.091329 0.139789 0.044142 0.159261 0.058400 0.095499 0.102805 0.080847 0.121620 0.077704 0.093498 0.096899 0.072449 0.049448 0.091088 0.083872 0.087990 0.081361 0.079143 0.119587 0.088995 0.138613 0.100817 0.165499 0.147165 0.040149 0.090670 0.111874 0.133512 0.110928 0.118858 0.080101 0.098681 0.123619 0.091299 0.137011 0.123785 0.084980 0.098850 0.064684 0.108848 0.116375 0.115491 0.096973 0.107795 0.064858 0.142598 
0.455019 0.104758 0.155218 0.465332 0.229515 0.102949 0.081106 0.409969 0.297423 0.228631 0.359500 0.285357 0.168058 1.000000 0.357144 0.221831 0.245845 0.361944 0.372871 0.305494 0.162181 0.188438 0.167309 0.207039 0.378369 0.340292 0.200799 0.142586 0.064797 0.163884 0.233385 0.156810 0.272006 0.137097 0.214551 0.262936 0.159299 0.308973 0.123218 0.306937 0.328570 0.182498 0.108766 0.282092 0.244170 0.177223 0.163982 0.316419 0.145241 0.265119 0.171394 0.220248 0.157194 0.248367 0.258250 0.142421 0.111362 0.244546 0.201125 0.122906 0.215295 0.381556 0.144085 
0.456961 0.151994 0.163533 0.455317 0.241178 0.258247 0.114761 0.440461 0.287144 0.172552 0.388295 0.311545 0.227278 0.357144 1.000000 0.202800 0.207220 0.347122 0.260475 0.291635 0.119406 0.146884 0.142066 0.155124 0.284696 0.257038 0.167486 0.148382 0.079223 0.123488 0.186944 0.132291 0.198970 0.123522 0.168802 0.291261 0.133448 0.258934 0.124498 0.306828 0.235081 0.134371 0.119179 0.217562 0.200196 0.229377 0.160960 0.234313 0.122945 0.211263 0.145875 0.183261 0.153421 0.202936 0.183603 0.146491 0.120439 0.206314 0.174632 0.119268 0.169052 0.198185 0.187947 
0.153606 0.139148 0.065549 0.134589 0.100752 0.087975 0.138544 0.195709 0.233148 0.134067 0.214429 0.170349 0.171696 0.221831 0.202800 1.000000 0.112926 0.123718 0.134368 0.112715 0.094586 0.127883 0.105308 0.099104 0.162706 0.153855 0.105749 0.105090 0.078704 0.098762 0.111414 0.092714 0.116012 0.088336 0.104949 0.143819 0.110573 0.145531 0.104417 0.149594 0.156019 0.095674 0.089502 0.127112 0.150347 0.104399 0.123892 0.136156 0.105881 0.143285 0.108229 0.155465 0.122468 0.094737 0.141086 0.094762 0.110211 0.138916 0.128875 0.098268 0.115482 0.094994 0.152249 
0.217976 0.057106 0.102220 0.257362 0.155563 0.078942 0.033830 0.190108 0.163819 0.211068 0.199085 0.194131 0.091329 0.245845 0.207220 0.112926 1.000000 0.301317 0.311246 0.239128 0.228646 0.184669 0.172892 0.257679 0.304696 0.324895 0.272572 0.211776 0.170843 0.166041 0.306183 0.192740 0.303387 0.160950 0.312855 0.278588 0.194085 0.343565 0.243477 0.345406 0.279786 0.203850 0.142447 0.314592 0.215888 0.158349 0.176428 0.300969 0.144168 0.331809 0.180652 0.198488 0.179762 0.211541 0.252428 0.199066 0.068496 0.267840 0.193502 0.149388 0.188815 0.334200 0.245455 
0.455992 0.154560 0.028217 0.380025 0.084072 0.180893 0.002678 0.486788 0.085567 0.202398 0.400765 0.162036 0.139789 0.361944 0.347122 0.123718 0.301317 1.000000 0.663275 0.763320 0.202304 0.202805 0.177120 0.211405 0.380457 0.413868 0.212631 0.144875 0.075964 0.112177 0.229595 0.149182 0.273344 0.113530 0.235033 0.439957 0.177070 0.388646 0.134450 0.423581 0.328033 0.149405 0.081048 0.377845 0.219002 0.187060 0.139504 0.474439 0.149207 0.301790 0.159989 0.218406 0.122420 0.200776 0.230116 0.130365 0.059151 0.227808 0.219985 0.082993 0.170788 0.404009 0.077239 
0.440692 0.021498 0.045043 0.335392 0.096851 0.042494 0.008877 0.458846 0.142736 0.230915 0.348208 0.106832 0.044142 0.372871 0.260475 0.134368 0.311246 0.663275 1.000000 0.530835 0.222845 0.221563 0.181917 0.230266 0.401552 0.483106 0.237952 0.138253 0.085991 0.133155 0.253255 0.154640 0.284096 0.121286 0.267195 0.420757 0.190690 0.364940 0.148273 0.335188 0.337551 0.179032 0.075481 0.357812 0.220616 0.168561 0.137175 0.546962 0.151408 0.290715 0.175198 0.212071 0.118151 0.198871 0.256127 0.134713 0.056498 0.236878 0.222596 0.085041 0.175356 0.434171 0.071050 
0.347218 0.180528 0.038409 0.302631 0.078796 0.167946 0.000651 0.388134 0.032325 0.218989 0.328242 0.156801 0.159261 0.305494 0.291635 0.112715 0.239128 0.763320 0.530835 1.000000 0.171466 0.193876 0.161831 0.206910 0.311811 0.347125 0.177392 0.134889 0.042720 0.110859 0.226054 0.139770 0.289308 0.094226 0.194389 0.369236 0.147715 0.348816 0.104884 0.398024 0.303586 0.148570 0.057718 0.364162 0.189062 0.144439 0.102668 0.356355 0.110635 0.254357 0.119703 0.198055 0.091761 0.180910 0.206719 0.104755 0.084877 0.181197 0.180085 0.055692 0.134257 0.340995 0.032895 
0.133954 0.041053 0.056373 0.147482 0.084912 0.037969 0.046575 0.133358 0.127183 0.176980 0.133637 0.119062 0.058400 0.162181 0.119406 0.094586 0.228646 0.202304 0.222845 0.171466 1.000000 0.280065 0.130013 0.155561 0.227652 0.236128 0.164284 0.126465 0.113234 0.121438 0.192845 0.124912 0.199267 0.098369 0.177125 0.184877 0.131935 0.234050 0.116709 0.216949 0.197962 0.151829 0.085298 0.192650 0.178902 0.091168 0.113736 0.196761 0.110725 0.192038 0.145047 0.429170 0.114921 0.130096 0.204583 0.237260 0.070730 0.165755 0.138879 0.084807 0.127603 0.214529 0.138347 
0.140156 0.079143 0.078777 0.150255 0.102570 0.046007 0.062038 0.157105 0.158536 0.277811 0.167864 0.149022 0.095499 0.188438 0.146884 0.127883 0.184669 0.202805 0.221563 0.193876 0.280065 1.000000 0.171908 0.184813 0.210855 0.253762 0.173139 0.146820 0.108328 0.153101 0.195974 0.156931 0.215515 0.129921 0.175881 0.218824 0.176285 0.258749 0.138120 0.260663 0.242061 0.194836 0.085483 0.239044 0.171910 0.107986 0.122858 0.168539 0.121229 0.178504 0.124926 0.260433 0.125802 0.156070 0.201977 0.127560 0.114232 0.192455 0.141640 0.099948 0.133527 0.193780 0.123874 
0.120600 0.084178 0.063360 0.129792 0.096531 0.058994 0.069310 0.140218 0.142881 0.203896 0.149729 0.125668 0.102805 0.167309 0.142066 0.105308 0.172892 0.177120 0.181917 0.161831 0.130013 0.171908 1.000000 0.159595 0.178423 0.195787 0.198203 0.159485 0.109739 0.110121 0.181637 0.143160 0.177187 0.102122 0.174325 0.227563 0.159910 0.212178 0.145863 0.220962 0.219540 0.141207 0.097560 0.209600 0.159370 0.116927 0.127917 0.150533 0.119702 0.163394 0.120476 0.161866 0.131948 0.123463 0.169773 0.100148 0.106411 0.164859 0.138491 0.105921 0.136547 0.163180 0.138234 
0.155033 0.048968 0.076197 0.186494 0.117397 0.040400 0.034031 0.148541 0.129330 0.257868 0.151987 0.155057 0.080847 0.207039 0.155124 0.099104 0.257679 0.211405 0.230266 0.206910 0.155561 0.184813 0.159595 1.000000 0.224945 0.276587 0.206704 0.188364 0.091866 0.163706 0.266980 0.171161 0.268605 0.121213 0.251437 0.229828 0.158607 0.256770 0.134197 0.274070 0.259773 0.214683 0.093972 0.262725 0.165402 0.114672 0.120968 0.187410 0.103953 0.194498 0.126662 0.158970 0.116482 0.199329 0.205321 0.137726 0.081004 0.189779 0.142455 0.103558 0.142991 0.240339 0.143428 
0.448692 0.060844 0.109061 0.433921 0.171621 0.101973 0.038367 0.354663 0.208696 0.264510 0.275571 0.212503 0.121620 0.378369 0.284696 0.162706 0.304696 0.380457 0.401552 0.311811 0.227652 0.210855 0.178423 0.224945 1.000000 0.365337 0.242299 0.154103 0.113842 0.284828 0.262380 0.176647 0.284299 0.241915 0.258984 0.292356 0.180266 0.357449 0.158786 0.335094 0.368578 0.238833 0.206186 0.310064 0.403162 0.287564 0.289173 0.453851 0.257158 0.395697 0.317733 0.359133 0.259888 0.243341 0.417449 0.184481 0.089984 0.371555 0.320486 0.239868 0.335238 0.462891 0.192163 
0.328681 0.039733 0.109046 0.312596 0.168616 0.052868 0.025812 0.330572 0.196683 0.359044 0.291293 0.201895 0.077704 0.340292 0.257038 0.153855 0.324895 0.413868 0.483106 0.347125 0.236128 0.253762 0.195787 0.276587 0.365337 1.000000 0.253544 0.182420 0.121727 0.258146 0.303918 0.199838 0.351096 0.149711 0.280588 0.331664 0.210531 0.371265 0.153180 0.374599 0.365866 0.326356 0.110880 0.338134 0.236315 0.165500 0.158145 0.348735 0.139749 0.280217 0.177126 0.229163 0.146039 0.263542 0.317772 0.189003 0.090140 0.259044 0.203026 0.115407 0.187916 0.389073 0.161453 
0.163494 0.064897 0.071032 0.176620 0.129771 0.059768 0.059707 0.147253 0.154984 0.221709 0.148015 0.122918 0.093498 0.200799 0.167486 0.105749 0.272572 0.212631 0.237952 0.177392 0.164284 0.173139 0.198203 0.206704 0.242299 0.253544 1.000000 0.187971 0.156878 0.152887 0.247874 0.181800 0.216850 0.136738 0.267485 0.277534 0.187445 0.264194 0.192063 0.265002 0.263643 0.188272 0.130275 0.256391 0.187969 0.155962 0.169284 0.221218 0.153032 0.211702 0.173878 0.174155 0.152078 0.162303 0.210583 0.131822 0.076605 0.209462 0.179064 0.144805 0.179515 0.238766 0.193520 
0.092749 0.079983 0.044006 0.115620 0.077044 0.068892 0.068638 0.115368 0.156326 0.186974 0.142453 0.141577 0.096899 0.142586 0.148382 0.105090 0.211776 0.144875 0.138253 0.134889 0.126465 0.146820 0.159485 0.188364 0.154103 0.182420 0.187971 1.000000 0.121313 0.118385 0.212586 0.147899 0.201295 0.113598 0.204785 0.221150 0.156237 0.196210 0.151234 0.230313 0.177667 0.147214 0.116778 0.197109 0.153752 0.118206 0.136399 0.126302 0.111402 0.162711 0.120387 0.146453 0.134883 0.124696 0.151299 0.146041 0.102765 0.175755 0.134140 0.114894 0.129290 0.094403 0.192942 
0.056505 0.064875 0.010128 0.048275 0.037721 0.057171 0.060505 0.064754 0.108840 0.069031 0.080421 0.057848 0.072449 0.064797 0.079223 0.078704 0.170843 0.075964 0.085991 0.042720 0.113234 0.108328 0.109739 0.091866 0.113842 0.121727 0.156878 0.121313 1.000000 0.048999 0.117100 0.105094 0.074146 0.088800 0.153948 0.153843 0.124106 0.125410 0.140946 0.130306 0.111439 0.051859 0.106057 0.107802 0.110777 0.105793 0.128053 0.108919 0.107460 0.125879 0.117553 0.106524 0.113801 0.047982 0.187953 0.094212 0.049481 0.123299 0.111568 0.110621 0.103707 0.046329 0.186368 
0.100790 0.025039 0.048888 0.133954 0.096084 0.018616 0.017546 0.095557 0.121179 0.606570 0.094629 0.118545 0.049448 0.163884 0.123488 0.098762 0.166041 0.112177 0.133155 0.110859 0.121438 0.153101 0.110121 0.163706 0.284828 0.258146 0.152887 0.118385 0.048999 1.000000 0.194755 0.147732 0.238521 0.194508 0.183852 0.162510 0.124256 0.227642 0.087282 0.240664 0.251143 0.764945 0.151234 0.175568 0.225760 0.151149 0.218215 0.215153 0.135031 0.250449 0.199686 0.207635 0.168477 0.162717 0.408250 0.160944 0.060126 0.283972 0.207354 0.162596 0.205267 0.266382 0.201929 
0.174696 0.051233 0.138154 0.220193 0.186197 0.047618 0.051946 0.162972 0.157475 0.282203 0.168217 0.180040 0.091088 0.233385 0.186944 0.111414 0.306183 0.229595 0.253255 0.226054 0.192845 0.195974 0.181637 0.266980 0.262380 0.303918 0.247874 0.212586 0.117100 0.194755 1.000000 0.193859 0.305020 0.140946 0.287060 0.267722 0.181588 0.287421 0.153308 0.311189 0.286078 0.247093 0.118364 0.280853 0.196177 0.133106 0.148555 0.215138 0.122953 0.225544 0.153247 0.186410 0.141796 0.219545 0.245528 0.177453 0.102432 0.227023 0.167661 0.122524 0.171417 0.264015 0.182592 
0.117381 0.059646 0.060558 0.137953 0.093849 0.051446 0.051813 0.115419 0.127621 0.216281 0.125068 0.127252 0.083872 0.156810 0.132291 0.092714 0.192740 0.149182 0.154640 0.139770 0.124912 0.156931 0.143160 0.171161 0.176647 0.199838 0.181800 0.147899 0.105094 0.147732 0.193859 1.000000 0.186317 0.108805 0.188781 0.195848 0.142546 0.207272 0.133609 0.222376 0.207945 0.181817 0.098569 0.198727 0.147509 0.113678 0.124690 0.148202 0.102195 0.164636 0.123403 0.140679 0.119876 0.139451 0.171738 0.102898 0.073399 0.163515 0.134404 0.107534 0.131605 0.159212 0.150062 
0.205296 0.053262 0.098179 0.252699 0.140719 0.051435 0.027732 0.199266 0.165877 0.329886 0.202129 0.215925 0.087990 0.272006 0.198970 0.116012 0.303387 0.273344 0.284096 0.289308 0.199267 0.215515 0.177187 0.268605 0.284299 0.351096 0.216850 0.201295 0.074146 0.238521 0.305020 0.186317 1.000000 0.152571 0.266491 0.250603 0.180011 0.345724 0.162806 0.384922 0.314864 0.293998 0.105613 0.302973 0.207659 0.125956 0.135094 0.228247 0.110242 0.241383 0.143503 0.201067 0.131135 0.245617 0.272524 0.184879 0.112566 0.245526 0.165193 0.108025 0.170545 0.300740 0.162828 
0.111026 0.051073 0.049156 0.132925 0.082480 0.056185 0.052691 0.110898 0.141175 0.146221 0.120499 0.128135 0.081361 0.137097 0.123522 0.088336 0.160950 0.113530 0.121286 0.094226 0.098369 0.129921 0.102122 0.121213 0.241915 0.149711 0.136738 0.113598 0.088800 0.194508 0.140946 0.108805 0.152571 1.000000 0.150815 0.142235 0.106538 0.164074 0.111543 0.184373 0.157029 0.142604 0.179040 0.141149 0.218000 0.200214 0.224390 0.213267 0.178127 0.233655 0.261731 0.212862 0.199075 0.118150 0.225989 0.118035 0.070865 0.265491 0.211757 0.202868 0.211869 0.132143 0.179203 
0.176091 0.049568 0.053978 0.193857 0.111220 0.057313 0.048790 0.168408 0.150032 0.243189 0.170075 0.134082 0.079143 0.214551 0.168802 0.104949 0.312855 0.235033 0.267195 0.194389 0.177125 0.175881 0.174325 0.251437 0.258984 0.280588 0.267485 0.204785 0.153948 0.183852 0.287060 0.188781 0.266491 0.150815 1.000000 0.278879 0.192093 0.271832 0.170542 0.285947 0.256791 0.227404 0.138100 0.288661 0.190615 0.164408 0.166774 0.239236 0.139118 0.226358 0.174083 0.170800 0.147221 0.178243 0.218603 0.163583 0.064164 0.251477 0.176204 0.145086 0.183158 0.247539 0.204604 
0.267813 0.100202 0.060891 0.233668 0.114512 0.097217 0.080529 0.303210 0.187941 0.276499 0.276153 0.152134 0.119587 0.262936 0.291261 0.143819 0.278588 0.439957 0.420757 0.369236 0.184877 0.218824 0.227563 0.229828 0.292356 0.331664 0.277534 0.221150 0.153843 0.162510 0.267722 0.195848 0.250603 0.142235 0.278879 1.000000 0.219602 0.324430 0.201621 0.349946 0.298375 0.206400 0.135495 0.321930 0.223463 0.201328 0.182858 0.331778 0.165073 0.250163 0.181141 0.213732 0.173112 0.171796 0.231699 0.153378 0.106157 0.236239 0.220138 0.141322 0.188852 0.249681 0.191830 
0.111936 0.070971 0.049195 0.119040 0.083112 0.052270 0.053132 0.129541 0.148679 0.202427 0.144753 0.117883 0.088995 0.159299 0.133448 0.110573 0.194085 0.177070 0.190690 0.147715 0.131935 0.176285 0.159910 0.158607 0.180266 0.210531 0.187445 0.156237 0.124106 0.124256 0.181588 0.142546 0.180011 0.106538 0.192093 0.219602 1.000000 0.211690 0.147479 0.221621 0.210710 0.155020 0.104639 0.199749 0.156468 0.114518 0.132949 0.167667 0.116299 0.167615 0.125413 0.151847 0.129965 0.123703 0.163753 0.116178 0.090240 0.170251 0.138615 0.108086 0.129114 0.153783 0.161249 
0.296530 0.096844 0.125991 0.322007 0.175783 0.106443 0.032148 0.280651 0.182304 0.325641 0.267164 0.235895 0.138613 0.308973 0.258934 0.145531 0.343565 0.388646 0.364940 0.348816 0.234050 0.258749 0.212178 0.256770 0.357449 0.371265 0.264194 0.196210 0.125410 0.227642 0.287421 0.207272 0.345724 0.164074 0.271832 0.324430 0.211690 1.000000 0.237809 0.455634 0.369188 0.272245 0.132431 0.333645 0.252699 0.183095 0.189037 0.316870 0.177553 0.301996 0.191209 0.261011 0.176725 0.234225 0.298799 0.167189 0.099174 0.268951 0.220465 0.144348 0.215722 0.396226 0.184791 
0.098625 0.079644 0.042581 0.095731 0.071618 0.069234 0.064978 0.111457 0.143228 0.146461 0.127785 0.105256 0.100817 0.123218 0.124498 0.104417 0.243477 0.134450 0.148273 0.104884 0.116709 0.138120 0.145863 0.134197 0.158786 0.153180 0.192063 0.151234 0.140946 0.087282 0.153308 0.133609 0.162806 0.111543 0.170542 0.201621 0.147479 0.237809 1.000000 0.238207 0.172748 0.098707 0.115174 0.161219 0.154477 0.127295 0.144286 0.156344 0.125679 0.210005 0.135056 0.145324 0.141283 0.093548 0.146144 0.105232 0.087190 0.154083 0.145007 0.123817 0.133344 0.117650 0.192423 
0.289479 0.133376 0.123842 0.330904 0.174521 0.146762 0.044125 0.288927 0.195750 0.343855 0.294875 0.281223 0.165499 0.306937 0.306828 0.149594 0.345406 0.423581 0.335188 0.398024 0.216949 0.260663 0.220962 0.274070 0.335094 0.374599 0.265002 0.230313 0.130306 0.240664 0.311189 0.222376 0.384922 0.184373 0.285947 0.349946 0.221621 0.455634 0.238207 1.000000 0.366226 0.294064 0.152381 0.356681 0.255871 0.195577 0.199037 0.292026 0.158847 0.302827 0.188136 0.245571 0.187714 0.253912 0.296352 0.197079 0.115631 0.307926 0.222931 0.161331 0.217107 0.319241 0.226095 
0.272976 0.080209 0.175367 0.321801 0.236898 0.076426 0.022704 0.250172 0.183454 0.366390 0.230418 0.255353 0.147165 0.328570 0.235081 0.156019 0.279786 0.328033 0.337551 0.303586 0.197962 0.242061 0.219540 0.259773 0.368578 0.365866 0.263643 0.177667 0.111439 0.251143 0.286078 0.207945 0.314864 0.157029 0.256791 0.298375 0.210710 0.369188 0.172748 0.366226 1.000000 0.306518 0.122179 0.333943 0.255801 0.169439 0.179936 0.297694 0.149066 0.277651 0.182348 0.242650 0.172387 0.246913 0.317535 0.131684 0.108445 0.258076 0.214246 0.137209 0.221886 0.460061 0.149227 
0.109467 0.017654 0.051946 0.143648 0.103814 0.011741 0.006180 0.101686 0.113584 0.745584 0.099556 0.121818 0.040149 0.182498 0.134371 0.095674 0.203850 0.149405 0.179032 0.148570 0.151829 0.194836 0.141207 0.214683 0.238833 0.326356 0.188272 0.147214 0.051859 0.764945 0.247093 0.181817 0.293998 0.142604 0.227404 0.206400 0.155020 0.272245 0.098707 0.294064 0.306518 1.000000 0.101945 0.230252 0.176924 0.096611 0.149813 0.178553 0.083191 0.201761 0.135909 0.153305 0.113650 0.189776 0.355152 0.175595 0.058985 0.232141 0.152686 0.101662 0.149284 0.293474 0.191048 
0.077956 0.069178 0.031951 0.095573 0.064543 0.070754 0.062866 0.094875 0.148686 0.101944 0.118389 0.125761 0.090670 0.108766 0.119179 0.089502 0.142447 0.081048 0.075481 0.057718 0.085298 0.085483 0.097560 0.093972 0.206186 0.110880 0.130275 0.116778 0.106057 0.151234 0.118364 0.098569 0.105613 0.179040 0.138100 0.135495 0.104639 0.132431 0.115174 0.152381 0.122179 0.101945 1.000000 0.119788 0.207585 0.192283 0.220416 0.183969 0.177740 0.216763 0.205804 0.198281 0.203651 0.090833 0.190290 0.118023 0.071416 0.249863 0.205218 0.202183 0.341992 0.070754 0.208472 
0.233412 0.084454 0.079389 0.243128 0.130622 0.070248 0.037978 0.239701 0.143402 0.292390 0.226059 0.170544 0.111874 0.282092 0.217562 0.127112 0.314592 0.377845 0.357812 0.364162 0.192650 0.239044 0.209600 0.262725 0.310064 0.338134 0.256391 0.197109 0.107802 0.175568 0.280853 0.198727 0.302973 0.141149 0.288661 0.321930 0.199749 0.333645 0.161219 0.356681 0.333943 0.230252 0.119788 1.000000 0.215780 0.161159 0.153196 0.276385 0.142594 0.252332 0.163788 0.211385 0.148369 0.214124 0.248486 0.133586 0.093085 0.304056 0.191265 0.143694 0.195731 0.349603 0.135403 
0.212291 0.097060 0.081076 0.226494 0.121872 0.088332 0.076177 0.214883 0.206980 0.214512 0.211266 0.193543 0.133512 0.244170 0.200196 0.150347 0.215888 0.219002 0.220616 0.189062 0.178902 0.171910 0.159370 0.165402 0.403162 0.236315 0.187969 0.153752 0.110777 0.225760 0.196177 0.147509 0.207659 0.218000 0.190615 0.223463 0.156468 0.252699 0.154477 0.255871 0.255801 0.176924 0.207585 0.215780 1.000000 0.246099 0.276645 0.302775 0.248952 0.328982 0.278552 0.317139 0.256044 0.169841 0.316879 0.177752 0.122013 0.307747 0.292899 0.230947 0.280955 0.248219 0.217846 
0.212791 0.074345 0.066146 0.206074 0.107193 0.109689 0.071583 0.209345 0.157814 0.118632 0.189890 0.138691 0.110928 0.177223 0.229377 0.104399 0.158349 0.187060 0.168561 0.144439 0.091168 0.107986 0.116927 0.114672 0.287564 0.165500 0.155962 0.118206 0.105793 0.151149 0.133106 0.113678 0.125956 0.200214 0.164408 0.201328 0.114518 0.183095 0.127295 0.195577 0.169439 0.096611 0.192283 0.161159 0.246099 1.000000 0.250843 0.254755 0.204488 0.251011 0.250509 0.243886 0.225767 0.120264 0.223835 0.103201 0.079274 0.258086 0.247268 0.221552 0.243121 0.141036 0.180356 
0.136390 0.088843 0.060122 0.148632 0.098488 0.084632 0.081736 0.149590 0.183404 0.159714 0.159174 0.149001 0.118858 0.163982 0.160960 0.123892 0.176428 0.139504 0.137175 0.102668 0.113736 0.122858 0.127917 0.120968 0.289173 0.158145 0.169284 0.136399 0.128053 0.218215 0.148555 0.124690 0.135094 0.224390 0.166774 0.182858 0.132949 0.189037 0.144286 0.199037 0.179936 0.149813 0.220416 0.153196 0.276645 0.250843 1.000000 0.257936 0.234136 0.334442 0.266784 0.273477 0.259226 0.117457 0.266781 0.132854 0.095658 0.288219 0.265660 0.244861 0.265922 0.149659 0.232561 
0.341111 0.042701 0.066292 0.298192 0.126831 0.059213 0.030616 0.334829 0.170147 0.191996 0.272769 0.137413 0.080101 0.316419 0.234313 0.136156 0.300969 0.474439 0.546962 0.356355 0.196761 0.168539 0.150533 0.187410 0.453851 0.348735 0.221218 0.126302 0.108919 0.215153 0.215138 0.148202 0.228247 0.213267 0.239236 0.331778 0.167667 0.316870 0.156344 0.292026 0.297694 0.178553 0.183969 0.276385 0.302775 0.254755 0.257936 1.000000 0.251321 0.374523 0.282190 0.298956 0.234042 0.187327 0.332181 0.145135 0.059771 0.329795 0.323096 0.208349 0.273663 0.387776 0.173428 
0.113049 0.078462 0.043327 0.113601 0.076096 0.065632 0.064820 0.125171 0.143359 0.110676 0.131581 0.106346 0.098681 0.145241 0.122945 0.105881 0.144168 0.149207 0.151408 0.110635 0.110725 0.121229 0.119702 0.103953 0.257158 0.139749 0.153032 0.111402 0.107460 0.135031 0.122953 0.102195 0.110242 0.178127 0.139118 0.165073 0.116299 0.177553 0.125679 0.158847 0.149066 0.083191 0.177740 0.142594 0.248952 0.204488 0.234136 0.251321 1.000000 0.242186 0.234984 0.246488 0.214273 0.092991 0.225033 0.104269 0.078350 0.237277 0.241137 0.211567 0.223942 0.175726 0.180249 
0.230220 0.093196 0.079857 0.243130 0.129618 0.090453 0.064247 0.235061 0.196253 0.226856 0.229878 0.197492 0.123619 0.265119 0.211263 0.143285 0.331809 0.301790 0.290715 0.254357 0.192038 0.178504 0.163394 0.194498 0.395697 0.280217 0.211702 0.162711 0.125879 0.250449 0.225544 0.164636 0.241383 0.233655 0.226358 0.250163 0.167615 0.301996 0.210005 0.302827 0.277651 0.201761 0.216763 0.252332 0.328982 0.251011 0.334442 0.374523 0.242186 1.000000 0.280558 0.317968 0.269136 0.192260 0.353304 0.172977 0.103406 0.339498 0.300124 0.232801 0.289584 0.325146 0.228794 
0.158168 0.058675 0.054893 0.162760 0.096266 0.062911 0.064664 0.160043 0.159996 0.146827 0.149117 0.121202 0.091299 0.171394 0.145875 0.108229 0.180652 0.159989 0.175198 0.119703 0.145047 0.124926 0.120476 0.126662 0.317733 0.177126 0.173878 0.120387 0.117553 0.199686 0.153247 0.123403 0.143503 0.261731 0.174083 0.181141 0.125413 0.191209 0.135056 0.188136 0.182348 0.135909 0.205804 0.163788 0.278552 0.250509 0.266784 0.282190 0.234984 0.280558 1.000000 0.277568 0.236644 0.120834 0.269958 0.145116 0.068760 0.279837 0.266997 0.241278 0.269755 0.185137 0.197604 
0.166923 0.110612 0.085315 0.185026 0.117324 0.078586 0.090755 0.193974 0.203127 0.204775 0.204931 0.188702 0.137011 0.220248 0.183261 0.155465 0.198488 0.218406 0.212071 0.198055 0.429170 0.260433 0.161866 0.158970 0.359133 0.229163 0.174155 0.146453 0.106524 0.207635 0.186410 0.140679 0.201067 0.212862 0.170800 0.213732 0.151847 0.261011 0.145324 0.245571 0.242650 0.153305 0.198281 0.211385 0.317139 0.243886 0.273477 0.298956 0.246488 0.317968 0.277568 1.000000 0.262286 0.156331 0.319074 0.184713 0.137300 0.295616 0.283977 0.225623 0.272541 0.236260 0.197480 
0.118773 0.098708 0.063507 0.138047 0.096796 0.079132 0.084385 0.141450 0.194901 0.143018 0.162535 0.159246 0.123785 0.157194 0.153421 0.122468 0.179762 0.122420 0.118151 0.091761 0.114921 0.125802 0.131948 0.116482 0.259888 0.146039 0.152078 0.134883 0.113801 0.168477 0.141796 0.119876 0.131135 0.199075 0.147221 0.173112 0.129965 0.176725 0.141283 0.187714 0.172387 0.113650 0.203651 0.148369 0.256044 0.225767 0.259226 0.234042 0.214273 0.269136 0.236644 0.262286 1.000000 0.117070 0.239381 0.129977 0.108586 0.267419 0.240304 0.222325 0.237876 0.133153 0.226228 
0.205535 0.040045 0.153716 0.264109 0.208035 0.046859 0.020100 0.173337 0.167203 0.212818 0.181083 0.221021 0.084980 0.248367 0.202936 0.094737 0.211541 0.200776 0.198871 0.180910 0.130096 0.156070 0.123463 0.199329 0.243341 0.263542 0.162303 0.124696 0.047982 0.162717 0.219545 0.139451 0.245617 0.118150 0.178243 0.171796 0.123703 0.234225 0.093548 0.253912 0.246913 0.189776 0.090833 0.214124 0.169841 0.120264 0.117457 0.187327 0.092991 0.192260 0.120834 0.156331 0.117070 1.000000 0.206119 0.165560 0.129577 0.193069 0.137552 0.096535 0.152050 0.254406 0.147069 
0.196860 0.067528 0.086481 0.216553 0.132894 0.051630 0.091189 0.189759 0.174130 0.374127 0.186365 0.176828 0.098850 0.258250 0.183603 0.141086 0.252428 0.230116 0.256127 0.206719 0.204583 0.201977 0.169773 0.205321 0.417449 0.317772 0.210583 0.151299 0.187953 0.408250 0.245528 0.171738 0.272524 0.225989 0.218603 0.231699 0.163753 0.298799 0.146144 0.296352 0.317535 0.355152 0.190290 0.248486 0.316879 0.223835 0.266781 0.332181 0.225033 0.353304 0.269958 0.319074 0.239381 0.206119 1.000000 0.165134 0.105684 0.330460 0.283862 0.219673 0.280424 0.363807 0.202392 
0.112047 0.050380 0.034530 0.144693 0.066673 0.056427 0.056061 0.128095 0.181429 0.166575 0.149456 0.150407 0.064684 0.142421 0.146491 0.094762 0.199066 0.130365 0.134713 0.104755 0.237260 0.127560 0.100148 0.137726 0.184481 0.189003 0.131822 0.146041 0.094212 0.160944 0.177453 0.102898 0.184879 0.118035 0.163583 0.153378 0.116178 0.167189 0.105232 0.197079 0.131684 0.175595 0.118023 0.133586 0.177752 0.103201 0.132854 0.145135 0.104269 0.172977 0.145116 0.184713 0.129977 0.165560 0.165134 1.000000 0.146432 0.182688 0.134547 0.104700 0.126379 0.099152 0.239003 
0.038880 0.100759 0.138445 0.060580 0.147732 0.043891 0.133591 0.089243 0.150703 0.122748 0.115781 0.115406 0.108848 0.111362 0.120439 0.110211 0.068496 0.059151 0.056498 0.084877 0.070730 0.114232 0.106411 0.081004 0.089984 0.090140 0.076605 0.102765 0.049481 0.060126 0.102432 0.073399 0.112566 0.070865 0.064164 0.106157 0.090240 0.099174 0.087190 0.115631 0.108445 0.058985 0.071416 0.093085 0.122013 0.079274 0.095658 0.059771 0.078350 0.103406 0.068760 0.137300 0.108586 0.129577 0.105684 0.146432 1.000000 0.098759 0.093865 0.066745 0.088857 0.031177 0.145301 
0.206433 0.076434 0.078436 0.238238 0.129828 0.083764 0.055794 0.213269 0.216316 0.241460 0.223054 0.213325 0.116375 0.244546 0.206314 0.138916 0.267840 0.227808 0.236878 0.181197 0.165755 0.192455 0.164859 0.189779 0.371555 0.259044 0.209462 0.175755 0.123299 0.283972 0.227023 0.163515 0.245526 0.265491 0.251477 0.236239 0.170251 0.268951 0.154083 0.307926 0.258076 0.232141 0.249863 0.304056 0.307747 0.258086 0.288219 0.329795 0.237277 0.339498 0.279837 0.295616 0.267419 0.193069 0.330460 0.182688 0.098759 1.000000 0.285395 0.285572 0.306693 0.262836 0.252047 
0.169758 0.085022 0.064881 0.176221 0.104154 0.078036 0.075507 0.186361 0.174506 0.175178 0.185313 0.154530 0.115491 0.201125 0.174632 0.128875 0.193502 0.219985 0.222596 0.180085 0.138879 0.141640 0.138491 0.142455 0.320486 0.203026 0.179064 0.134140 0.111568 0.207354 0.167661 0.134404 0.165193 0.211757 0.176204 0.220138 0.138615 0.220465 0.145007 0.222931 0.214246 0.152686 0.205218 0.191265 0.292899 0.247268 0.265660 0.323096 0.241137 0.300124 0.266997 0.283977 0.240304 0.137552 0.283862 0.134547 0.093865 0.285395 1.000000 0.234457 0.261555 0.198549 0.205014 
0.090326 0.069517 0.044020 0.104995 0.078132 0.062972 0.064805 0.098043 0.144941 0.109134 0.113956 0.115832 0.096973 0.122906 0.119268 0.098268 0.149388 0.082993 0.085041 0.055692 0.084807 0.099948 0.105921 0.103558 0.239868 0.115407 0.144805 0.114894 0.110621 0.162596 0.122524 0.107534 0.108025 0.202868 0.145086 0.141322 0.108086 0.144348 0.123817 0.161331 0.137209 0.101662 0.202183 0.143694 0.230947 0.221552 0.244861 0.208349 0.211567 0.232801 0.241278 0.225623 0.222325 0.096535 0.219673 0.104700 0.066745 0.285572 0.234457 1.000000 0.236900 0.104177 0.197817 
0.191359 0.070112 0.088809 0.218169 0.133460 0.067201 0.061839 0.176679 0.182060 0.173262 0.172649 0.162794 0.107795 0.215295 0.169052 0.115482 0.188815 0.170788 0.175356 0.134257 0.127603 0.133527 0.136547 0.142991 0.335238 0.187916 0.179515 0.129290 0.103707 0.205267 0.171417 0.131605 0.170545 0.211869 0.183158 0.188852 0.129114 0.215722 0.133344 0.217107 0.221886 0.149284 0.341992 0.195731 0.280955 0.243121 0.265922 0.273663 0.223942 0.289584 0.269755 0.272541 0.237876 0.152050 0.280424 0.126379 0.088857 0.306693 0.261555 0.236900 1.000000 0.233330 0.194667 
0.353393 0.000199 0.173554 0.411204 0.239806 0.013045 0.034213 0.270494 0.105251 0.323076 0.200424 0.184850 0.064858 0.381556 0.198185 0.094994 0.334200 0.404009 0.434171 0.340995 0.214529 0.193780 0.163180 0.240339 0.462891 0.389073 0.238766 0.094403 0.046329 0.266382 0.264015 0.159212 0.300740 0.132143 0.247539 0.249681 0.153783 0.396226 0.117650 0.319241 0.460061 0.293474 0.070754 0.349603 0.248219 0.141036 0.149659 0.387776 0.175726 0.325146 0.185137 0.236260 0.133153 0.254406 0.363807 0.099152 0.031177 0.262836 0.198549 0.104177 0.233330 1.000000 0.067019 
0.080033 0.121513 0.049082 0.119322 0.093369 0.102964 0.114348 0.122794 0.290244 0.173704 0.193097 0.231226 0.142598 0.144085 0.187947 0.152249 0.245455 0.077239 0.071050 0.032895 0.138347 0.123874 0.138234 0.143428 0.192163 0.161453 0.193520 0.192942 0.186368 0.201929 0.182592 0.150062 0.162828 0.179203 0.204604 0.191830 0.161249 0.184791 0.192423 0.226095 0.149227 0.191048 0.208472 0.135403 0.217846 0.180356 0.232561 0.173428 0.180249 0.228794 0.197604 0.197480 0.226228 0.147069 0.202392 0.239003 0.145301 0.252047 0.205014 0.197817 0.194667 0.067019 1.000000 
