1.000000 0.028588 0.026494 0.721721 0.537562 0.327621 0.048728 0.894273 0.122147 0.080212 0.731635 0.235513 0.090472 0.322084 0.044188 0.305191 0.200016 0.212907 0.509899 0.135681 0.095000 0.098810 0.043012 0.056388 0.192708 0.033316 0.134452 0.294342 0.044609 0.198683 0.068988 0.133877 0.157928 0.025831 0.239380 0.202150 0.062118 0.444592 0.057284 0.167414 0.221473 0.107267 0.207046 0.389077 0.109702 0.042743 0.321683 0.043114 0.026881 0.078984 0.166809 0.097292 0.102749 0.055810 0.056981 0.043658 0.149651 0.021981 0.281996 0.137836 0.096169 0.020119 0.057425 0.041647 0.136979 0.169208 0.168066 0.237630 0.132415 0.459959 0.331744 
0.028588 1.000000 0.005599 0.092956 0.066396 0.306653 0.134376 0.028057 0.005883 0.012546 0.030518 0.156095 0.243856 0.272677 0.106429 0.042460 0.107006 0.057926 0.151178 0.101337 0.084828 0.039726 0.113647 0.062149 0.089362 0.039536 0.117666 0.078323 0.109154 0.070486 0.080086 0.065918 0.144056 0.066230 0.108542 0.081004 0.074951 0.169209 0.100990 0.128070 0.139642 0.071689 0.132377 0.092340 0.057120 0.086302 0.266599 0.077426 0.071008 0.053882 0.110164 0.069300 0.052641 0.089355 0.097570 0.082651 0.042867 0.094277 0.110539 0.122198 0.078428 0.074778 0.082430 0.083933 0.102269 0.119108 0.120924 0.097177 0.282722 0.026803 0.166455 
0.026494 0.005599 1.000000 0.034084 0.197296 0.014222 0.259733 0.023298 0.672823 0.016844 0.010002 0.021263 0.199572 0.160221 0.080839 0.029889 0.138363 0.105195 0.033947 0.070208 0.118370 0.042028 0.122591 0.054154 0.095108 0.016984 0.167221 0.099800 0.142134 0.043176 0.016780 0.076076 0.247008 0.015240 0.109627 0.079510 0.054414 0.038320 0.053608 0.079699 0.122600 0.058574 0.169531 0.125795 0.123146 0.136150 0.020809 0.038520 0.038637 0.115452 0.145372 0.047288 0.071782 0.152797 0.053843 0.035917 0.011646 0.072801 0.153392 0.101730 0.035611 0.002328 0.042910 0.022411 0.041612 0.146460 0.070153 0.150900 0.061808 0.095434 0.133713 
0.721721 0.092956 0.034084 1.000000 0.521603 0.395175 0.070829 0.593722 0.132790 0.079988 0.591423 0.516588 0.140488 0.332283 0.084243 0.219829 0.200425 0.153835 0.354237 0.165679 0.103015 0.140619 0.083429 0.065349 0.207857 0.100618 0.126231 0.223109 0.077873 0.211141 0.020412 0.193011 0.153903 0.032384 0.207149 0.184658 0.087584 0.356862 0.136048 0.217079 0.246767 0.149095 0.240839 0.299119 0.071448 0.050276 0.232558 0.133269 0.007397 0.081931 0.150696 0.092633 0.159228 0.070536 0.125825 0.007734 0.199864 0.025388 0.318015 0.162910 0.167650 0.053146 0.009064 0.002968 0.172340 0.167750 0.182495 0.184330 0.172048 0.361046 0.338363 
0.537562 0.066396 0.197296 0.521603 1.000000 0.121062 0.241534 0.484863 0.275106 0.102077 0.458107 0.363071 0.168129 0.320693 0.116879 0.237540 0.262417 0.231780 0.302238 0.200524 0.195768 0.164217 0.154543 0.117803 0.258761 0.106198 0.223634 0.282128 0.191091 0.207235 0.005162 0.219764 0.259313 0.071033 0.260041 0.224375 0.114485 0.266935 0.153117 0.247576 0.289599 0.176448 0.329454 0.370758 0.177645 0.173630 0.220552 0.136751 0.053629 0.122075 0.246488 0.139803 0.188492 0.190138 0.135444 0.067018 0.182483 0.105384 0.387855 0.205516 0.163056 0.078875 0.058627 0.039418 0.175663 0.251256 0.206917 0.282372 0.114087 0.421235 0.387393 
0.327621 0.306653 0.014222 0.395175 0.121062 1.000000 0.080586 0.273075 0.031962 0.018549 0.221232 0.281606 0.300999 0.246548 0.044287 0.104684 0.090444 0.091974 0.238942 0.083164 0.086159 0.051383 0.064623 0.021463 0.082702 0.038659 0.077081 0.096658 0.084366 0.068888 0.007504 0.073039 0.131248 0.029543 0.105323 0.093351 0.042379 0.211248 0.059384 0.115510 0.127038 0.074068 0.121625 0.131400 0.055440 0.057405 0.202817 0.041968 0.014162 0.030535 0.077160 0.032831 0.057556 0.068521 0.053026 0.033518 0.066126 0.057394 0.133013 0.090045 0.058787 0.035976 0.026732 0.012521 0.070088 0.094131 0.088799 0.082595 0.216261 0.080881 0.187738 
0.048728 0.134376 0.259733 0.070829 0.241534 0.080586 1.000000 0.040345 0.245425 0.021095 0.023799 0.091379 0.202474 0.198609 0.089400 0.058582 0.141666 0.123191 0.021100 0.098987 0.151466 0.074380 0.151505 0.082758 0.106821 0.052385 0.167498 0.109507 0.189601 0.068613 0.038317 0.104955 0.225357 0.086757 0.126231 0.106990 0.062304 0.020388 0.090137 0.112856 0.146809 0.078526 0.178689 0.111139 0.146753 0.189914 0.077937 0.070742 0.080419 0.102971 0.160016 0.072895 0.103734 0.194985 0.075018 0.112940 0.035606 0.148712 0.162345 0.119316 0.060099 0.080320 0.112030 0.065521 0.062598 0.161723 0.088300 0.152747 0.070055 0.064419 0.147840 
0.894273 0.028057 0.023298 0.593722 0.484863 0.273075 0.040345 1.000000 0.107526 0.068714 0.865754 0.201339 0.072471 0.343987 0.036067 0.324378 0.182939 0.212132 0.554140 0.125965 0.093263 0.089800 0.034013 0.046397 0.171416 0.022497 0.129916 0.285668 0.039634 0.190287 0.070249 0.125423 0.153758 0.033052 0.223087 0.207887 0.052555 0.482700 0.045265 0.149125 0.207292 0.099173 0.188453 0.371664 0.116335 0.043422 0.334648 0.031156 0.027448 0.076778 0.155391 0.086616 0.094671 0.054473 0.046329 0.048264 0.130992 0.026370 0.256687 0.125677 0.082105 0.029543 0.060044 0.043463 0.120181 0.159937 0.157587 0.229430 0.135509 0.428879 0.317170 
0.122147 0.005883 0.672823 0.132790 0.275106 0.031962 0.245425 0.107526 1.000000 0.068038 0.078567 0.127611 0.219768 0.191793 0.077735 0.080977 0.177519 0.149578 0.047549 0.096612 0.145483 0.082619 0.135831 0.059137 0.160167 0.051742 0.189444 0.158884 0.165293 0.073757 0.044251 0.128748 0.293625 0.025648 0.145694 0.116479 0.062903 0.027622 0.075433 0.127644 0.167618 0.097435 0.217530 0.184751 0.143253 0.149427 0.079640 0.059247 0.027806 0.126061 0.176548 0.062043 0.118766 0.172385 0.071573 0.038607 0.065134 0.085340 0.219699 0.130900 0.073879 0.013697 0.042076 0.007774 0.068432 0.179483 0.100580 0.194647 0.011882 0.199248 0.237069 
0.080212 0.012546 0.016844 0.079988 0.102077 0.018549 0.021095 0.068714 0.068038 1.000000 0.058325 0.055512 0.030898 0.065919 0.037682 0.076353 0.141942 0.089335 0.092845 0.063832 0.046137 0.131966 0.036731 0.017147 0.552972 0.057381 0.084143 0.135547 0.035077 0.054477 0.017686 0.074514 0.069391 0.003381 0.096766 0.077225 0.053535 0.058760 0.056289 0.118146 0.142360 0.084245 0.099515 0.150657 0.043792 0.026951 0.104445 0.034166 0.001796 0.030828 0.167076 0.074415 0.059275 0.034923 0.044049 0.000910 0.105014 0.010805 0.123495 0.098124 0.101314 0.014047 0.008327 0.002071 0.154183 0.116626 0.117535 0.163260 0.049767 0.301342 0.195799 
0.731635 0.030518 0.010002 0.591423 0.458107 0.221232 0.023799 0.865754 0.078567 0.058325 1.000000 0.380000 0.048349 0.348988 0.040870 0.322241 0.173760 0.199084 0.543001 0.137020 0.088590 0.117636 0.035925 0.051468 0.164896 0.057440 0.112024 0.265418 0.043104 0.211065 0.052209 0.173169 0.124043 0.012635 0.201933 0.215994 0.060035 0.490811 0.079362 0.172989 0.212280 0.119635 0.190077 0.327862 0.092624 0.034206 0.297448 0.076736 0.017711 0.073933 0.136740 0.085865 0.135816 0.048314 0.074553 0.034324 0.165868 0.017948 0.271047 0.125821 0.119106 0.001642 0.047650 0.029090 0.134304 0.145527 0.162122 0.201383 0.140350 0.407055 0.322362 
0.235513 0.156095 0.021263 0.516588 0.363071 0.281606 0.091379 0.201339 0.127611 0.055512 0.380000 1.000000 0.156645 0.264608 0.090056 0.109247 0.182524 0.110446 0.174535 0.179674 0.113294 0.157930 0.095898 0.059689 0.185818 0.153027 0.117744 0.160241 0.119360 0.129586 0.005467 0.236011 0.169023 0.062254 0.153117 0.134128 0.088081 0.173243 0.163217 0.223925 0.221563 0.173290 0.262691 0.241487 0.061086 0.065032 0.164585 0.174130 0.025362 0.055141 0.134866 0.078603 0.196943 0.089130 0.157343 0.038821 0.217710 0.061046 0.345162 0.161123 0.198792 0.084395 0.024679 0.028421 0.152357 0.158898 0.160509 0.143846 0.244345 0.240669 0.336403 
0.090472 0.243856 0.199572 0.140488 0.168129 0.300999 0.202474 0.072471 0.219768 0.030898 0.048349 0.156645 1.000000 0.234047 0.070895 0.065519 0.140613 0.125650 0.114946 0.095388 0.141787 0.068768 0.118649 0.046980 0.116210 0.052519 0.155092 0.121127 0.161394 0.050419 0.019917 0.112999 0.238659 0.046343 0.123378 0.094482 0.053269 0.088292 0.070254 0.131967 0.155384 0.093024 0.183047 0.147716 0.122465 0.139059 0.184778 0.049017 0.033900 0.078317 0.140586 0.048389 0.100435 0.158003 0.070329 0.059970 0.052535 0.103899 0.176923 0.118371 0.067581 0.035447 0.058363 0.023070 0.062843 0.153199 0.090046 0.146376 0.138839 0.101336 0.223500 
0.322084 0.272677 0.160221 0.332283 0.320693 0.246548 0.198609 0.343987 0.191793 0.065919 0.348988 0.264608 0.234047 1.000000 0.120946 0.223842 0.219129 0.192481 0.391215 0.153972 0.144587 0.124637 0.139068 0.108190 0.194338 0.097918 0.192732 0.239173 0.149908 0.192603 0.018527 0.177471 0.251773 0.051181 0.213144 0.197662 0.099891 0.367861 0.136682 0.212357 0.262621 0.143330 0.238252 0.262366 0.129162 0.125806 0.356221 0.121965 0.056601 0.132411 0.201459 0.122956 0.147246 0.149354 0.145167 0.051876 0.143038 0.083158 0.263731 0.183808 0.164000 0.052950 0.045062 0.050027 0.164461 0.211256 0.193473 0.220127 0.188174 0.278325 0.332561 
0.044188 0.106429 0.080839 0.084243 0.116879 0.044287 0.089400 0.036067 0.077735 0.037682 0.040870 0.090056 0.070895 0.120946 1.000000 0.058849 0.175341 0.040350 0.042432 0.092251 0.042913 0.071872 0.168096 0.134063 0.156839 0.077758 0.162033 0.127620 0.066641 0.166223 0.117662 0.072799 0.047645 0.084346 0.166902 0.087278 0.094691 0.059838 0.186733 0.100585 0.179095 0.067579 0.111619 0.063098 0.036648 0.069555 0.095247 0.190882 0.092012 0.077676 0.165451 0.139000 0.069928 0.060638 0.183115 0.091021 0.132025 0.080274 0.107939 0.168600 0.170487 0.096902 0.093337 0.106465 0.192689 0.163765 0.183472 0.151470 0.043076 0.083880 0.078856 
0.305191 0.042460 0.029889 0.219829 0.237540 0.104684 0.058582 0.324378 0.080977 0.076353 0.322241 0.109247 0.065519 0.223842 0.058849 1.000000 0.154808 0.314141 0.527829 0.103086 0.104707 0.140969 0.088925 0.087751 0.152484 0.102257 0.129261 0.244908 0.099837 0.230157 0.017226 0.142320 0.094869 0.074384 0.175480 0.200289 0.089798 0.332231 0.106278 0.165269 0.186868 0.110540 0.150924 0.188454 0.131547 0.109824 0.206838 0.103623 0.046882 0.101045 0.142024 0.105443 0.124318 0.108170 0.096591 0.072967 0.152306 0.088880 0.176443 0.123598 0.129306 0.084352 0.067010 0.038373 0.139234 0.139519 0.163539 0.182939 0.085907 0.311074 0.225242 
0.200016 0.107006 0.138363 0.200425 0.262417 0.090444 0.141666 0.182939 0.177519 0.141942 0.173760 0.182524 0.140613 0.219129 0.175341 0.154808 1.000000 0.179459 0.213847 0.156380 0.132178 0.152744 0.178127 0.141334 0.331727 0.131821 0.291880 0.342826 0.124775 0.201020 0.000402 0.174960 0.203476 0.037473 0.290143 0.151507 0.102708 0.171396 0.188317 0.203522 0.294937 0.128879 0.238755 0.291048 0.140396 0.121562 0.286378 0.194570 0.041561 0.110590 0.299840 0.170881 0.147504 0.125055 0.202618 0.034446 0.252771 0.060259 0.275283 0.254626 0.237162 0.035205 0.025737 0.034044 0.243424 0.292176 0.249324 0.351347 0.131209 0.353972 0.301025 
0.212907 0.057926 0.105195 0.153835 0.231780 0.091974 0.123191 0.212132 0.149578 0.089335 0.199084 0.110446 0.125650 0.192481 0.040350 0.314141 0.179459 1.000000 0.346043 0.104678 0.165438 0.124474 0.086213 0.074249 0.163477 0.086845 0.194674 0.260482 0.179472 0.115082 0.059321 0.153148 0.221601 0.034180 0.169732 0.233173 0.058742 0.187616 0.058405 0.172618 0.185424 0.115224 0.195970 0.244584 0.173453 0.148257 0.213985 0.044363 0.011104 0.099639 0.190680 0.091858 0.125647 0.163979 0.060891 0.036085 0.120755 0.083858 0.217331 0.121551 0.092967 0.025460 0.025259 0.009325 0.093068 0.169130 0.125666 0.218562 0.117311 0.317685 0.298035 
0.509899 0.151178 0.033947 0.354237 0.302238 0.238942 0.021100 0.554140 0.047549 0.092845 0.543001 0.174535 0.114946 0.391215 0.042432 0.527829 0.213847 0.346043 1.000000 0.127399 0.123822 0.147481 0.048250 0.081942 0.200165 0.087932 0.155255 0.370977 0.072313 0.252746 0.062457 0.165374 0.152124 0.012200 0.241055 0.228981 0.077773 0.621453 0.081875 0.213628 0.245267 0.124981 0.172521 0.339742 0.165311 0.080711 0.530049 0.073742 0.014443 0.084591 0.180821 0.120277 0.128844 0.085686 0.081547 0.024992 0.190027 0.002662 0.228854 0.145934 0.135343 0.008132 0.039124 0.030723 0.161180 0.178474 0.198491 0.268960 0.196729 0.491615 0.349513 
0.135681 0.101337 0.070208 0.165679 0.200524 0.083164 0.098987 0.125965 0.096612 0.063832 0.137020 0.179674 0.095388 0.153972 0.092251 0.103086 0.156380 0.104678 0.127399 1.000000 0.090890 0.103817 0.100977 0.099943 0.151142 0.104382 0.129409 0.143482 0.100489 0.116253 0.052882 0.125653 0.110269 0.061824 0.141884 0.106629 0.117349 0.137492 0.123812 0.179502 0.157143 0.104299 0.275919 0.227552 0.088224 0.107265 0.132820 0.125883 0.058148 0.068421 0.141411 0.114935 0.105897 0.098268 0.124864 0.061096 0.133869 0.068867 0.288584 0.131710 0.140922 0.070119 0.057673 0.060064 0.124722 0.141700 0.132431 0.151050 0.115560 0.177727 0.186019 
0.095000 0.084828 0.118370 0.103015 0.195768 0.086159 0.151466 0.093263 0.145483 0.046137 0.088590 0.113294 0.141787 0.144587 0.042913 0.104707 0.132178 0.165438 0.123822 0.090890 1.000000 0.146323 0.087441 0.049937 0.118355 0.106475 0.133551 0.144610 0.241988 0.053344 0.007510 0.187486 0.216961 0.080258 0.118873 0.103486 0.044859 0.116177 0.057717 0.149700 0.147189 0.115474 0.180827 0.156125 0.215715 0.218164 0.124744 0.044119 0.064758 0.069934 0.126606 0.051025 0.160682 0.240395 0.054695 0.090918 0.078380 0.149071 0.189049 0.097421 0.068228 0.072451 0.085507 0.044486 0.054421 0.138830 0.075417 0.146398 0.111220 0.141477 0.214008 
0.098810 0.039726 0.042028 0.140619 0.164217 0.051383 0.074380 0.089800 0.082619 0.131966 0.117636 0.157930 0.068768 0.124637 0.071872 0.140969 0.152744 0.124474 0.147481 0.103817 0.146323 1.000000 0.088914 0.064809 0.194380 0.306285 0.102267 0.156331 0.153003 0.132670 0.054334 0.244297 0.082446 0.114256 0.139605 0.117691 0.080158 0.148145 0.151487 0.208266 0.160730 0.151102 0.148971 0.107347 0.126503 0.147703 0.088628 0.179435 0.099252 0.081427 0.117325 0.069464 0.223259 0.142607 0.152271 0.109516 0.206262 0.126851 0.176751 0.121914 0.205029 0.126985 0.103128 0.085807 0.141822 0.118388 0.132814 0.130203 0.055007 0.200185 0.178309 
0.043012 0.113647 0.122591 0.083429 0.154543 0.064623 0.151505 0.034013 0.135831 0.036731 0.035925 0.095898 0.118649 0.139068 0.168096 0.088925 0.178127 0.086213 0.048250 0.100977 0.087441 0.088914 1.000000 0.216209 0.163389 0.090446 0.191972 0.182217 0.128312 0.188316 0.111540 0.094704 0.094019 0.134268 0.181589 0.118210 0.097423 0.062278 0.195414 0.127847 0.200060 0.086446 0.150941 0.053002 0.080015 0.134028 0.089042 0.183411 0.110092 0.094742 0.192509 0.209994 0.097155 0.127812 0.181522 0.152013 0.108429 0.156399 0.136472 0.178480 0.164648 0.140857 0.156500 0.115127 0.191948 0.187192 0.189785 0.172533 0.036466 0.094749 0.110633 
0.056388 0.062149 0.054154 0.065349 0.117803 0.021463 0.082758 0.046397 0.059137 0.017147 0.051468 0.059689 0.046980 0.108190 0.134063 0.087751 0.141334 0.074249 0.081942 0.099943 0.049937 0.064809 0.216209 1.000000 0.112790 0.076711 0.133509 0.249389 0.074595 0.184138 0.122573 0.069988 0.040048 0.083765 0.161702 0.108726 0.083149 0.095544 0.148027 0.131011 0.162252 0.070162 0.137089 0.066601 0.056678 0.088041 0.095834 0.144365 0.093507 0.079394 0.165051 0.474056 0.066112 0.085429 0.148051 0.093620 0.097378 0.087217 0.128247 0.137045 0.136905 0.098022 0.099004 0.103838 0.235725 0.135949 0.171979 0.149194 0.005916 0.167294 0.090520 
0.192708 0.089362 0.095108 0.207857 0.258761 0.082702 0.106821 0.171416 0.160167 0.552972 0.164896 0.185818 0.116210 0.194338 0.156839 0.152484 0.331727 0.163477 0.200165 0.151142 0.118355 0.194380 0.163389 0.112790 1.000000 0.131865 0.246711 0.316713 0.112766 0.191415 0.007758 0.176994 0.170973 0.043848 0.271469 0.152444 0.108621 0.157768 0.194822 0.223025 0.319257 0.150637 0.229530 0.275624 0.119115 0.104993 0.259055 0.179780 0.040087 0.091667 0.317557 0.166306 0.148047 0.110278 0.185670 0.040450 0.258605 0.063454 0.269369 0.253361 0.250302 0.051793 0.031141 0.035666 0.294545 0.286450 0.265501 0.346112 0.125120 0.425049 0.327591 
0.033316 0.039536 0.016984 0.100618 0.106198 0.038659 0.052385 0.022497 0.051742 0.057381 0.057440 0.153027 0.052519 0.097918 0.077758 0.102257 0.131821 0.086845 0.087932 0.104382 0.106475 0.306285 0.090446 0.076711 0.131865 1.000000 0.074019 0.124004 0.129645 0.119403 0.068852 0.232412 0.046185 0.122439 0.098712 0.093229 0.074857 0.092848 0.188469 0.175020 0.131126 0.142539 0.132108 0.064163 0.079069 0.117244 0.040454 0.251873 0.090306 0.084064 0.079904 0.070452 0.220259 0.114333 0.249710 0.112393 0.231324 0.119022 0.167724 0.118539 0.350190 0.141075 0.104789 0.093644 0.145253 0.091235 0.122347 0.080714 0.058173 0.138592 0.138465 
0.134452 0.117666 0.167221 0.126231 0.223634 0.077081 0.167498 0.129916 0.189444 0.084143 0.112024 0.117744 0.155092 0.192732 0.162033 0.129261 0.291880 0.194674 0.155255 0.129409 0.133551 0.102267 0.191972 0.133509 0.246711 0.074019 1.000000 0.273464 0.143618 0.161199 0.009407 0.124596 0.208493 0.051389 0.249331 0.155916 0.089274 0.118850 0.150433 0.158965 0.251365 0.100914 0.208058 0.219201 0.139509 0.141012 0.237307 0.134720 0.053071 0.098401 0.276389 0.148377 0.108237 0.142342 0.152608 0.060172 0.141088 0.090990 0.218591 0.222396 0.153949 0.044055 0.057283 0.044163 0.184673 0.267907 0.203196 0.312151 0.107822 0.245026 0.243752 
0.294342 0.078323 0.099800 0.223109 0.282128 0.096658 0.109507 0.285668 0.158884 0.135547 0.265418 0.160241 0.121127 0.239173 0.127620 0.244908 0.342826 0.260482 0.370977 0.143482 0.144610 0.156331 0.182217 0.249389 0.316713 0.124004 0.273464 1.000000 0.119116 0.226234 0.046956 0.182899 0.207288 0.009124 0.320204 0.192272 0.102725 0.273355 0.143989 0.229467 0.300234 0.128296 0.235747 0.347683 0.183912 0.123541 0.394270 0.145046 0.011174 0.108498 0.327722 0.294761 0.149882 0.132555 0.156869 0.005534 0.253936 0.040247 0.280941 0.229719 0.206486 0.001522 0.004309 0.003928 0.262926 0.281733 0.315503 0.397968 0.141693 0.535835 0.359773 
0.044609 0.109154 0.142134 0.077873 0.191091 0.084366 0.189601 0.039634 0.165293 0.035077 0.043104 0.119360 0.161394 0.149908 0.066641 0.099837 0.124775 0.179472 0.072313 0.100489 0.241988 0.153003 0.128312 0.074595 0.112766 0.129645 0.143618 0.119116 1.000000 0.072443 0.070504 0.212610 0.214838 0.154243 0.114330 0.121622 0.063612 0.087715 0.097788 0.151405 0.153979 0.126040 0.192199 0.098642 0.225104 0.272206 0.079102 0.081656 0.121509 0.086531 0.138957 0.065956 0.192178 0.290175 0.080926 0.175704 0.080346 0.229435 0.182816 0.113781 0.085217 0.155530 0.175496 0.109604 0.069059 0.143361 0.089110 0.131128 0.080612 0.085411 0.206021 
0.198683 0.070486 0.043176 0.211141 0.207235 0.068888 0.068613 0.190287 0.073757 0.054477 0.211065 0.129586 0.050419 0.192603 0.166223 0.230157 0.201020 0.115082 0.252746 0.116253 0.053344 0.132670 0.188316 0.184138 0.191415 0.119403 0.161199 0.226234 0.072443 1.000000 0.120868 0.118053 0.023827 0.176190 0.216299 0.163172 0.128251 0.237446 0.232331 0.169229 0.248143 0.098776 0.141047 0.102495 0.055571 0.082286 0.152139 0.251603 0.094533 0.092595 0.187601 0.190210 0.110960 0.070573 0.215226 0.140146 0.219133 0.090694 0.152207 0.189214 0.231893 0.142917 0.113703 0.104916 0.246308 0.174720 0.242071 0.186316 0.039632 0.231314 0.138359 
0.068988 0.080086 0.016780 0.020412 0.005162 0.007504 0.038317 0.070249 0.044251 0.017686 0.052209 0.005467 0.019917 0.018527 0.117662 0.017226 0.000402 0.059321 0.062457 0.052882 0.007510 0.054334 0.111540 0.122573 0.007758 0.068852 0.009407 0.046956 0.070504 0.120868 1.000000 0.017010 0.151486 0.239972 0.037978 0.070229 0.106690 0.026791 0.153571 0.017278 0.028372 0.017718 0.004701 0.126301 0.005314 0.100763 0.084036 0.156187 0.230287 0.056475 0.030830 0.110758 0.042650 0.055880 0.123719 0.262404 0.021475 0.197503 0.038508 0.065624 0.085103 0.288825 0.286025 0.269640 0.110046 0.016949 0.104800 0.022209 0.082696 0.102540 0.121803 
0.133877 0.065918 0.076076 0.193011 0.219764 0.073039 0.104955 0.125423 0.128748 0.074514 0.173169 0.236011 0.112999 0.177471 0.072799 0.142320 0.174960 0.153148 0.165374 0.125653 0.187486 0.244297 0.094704 0.069988 0.176994 0.232412 0.124596 0.182899 0.212610 0.118053 0.017010 1.000000 0.186233 0.103117 0.143141 0.134414 0.069375 0.160832 0.138968 0.202025 0.191370 0.184306 0.217878 0.179885 0.172169 0.174253 0.121979 0.156978 0.068336 0.111800 0.129409 0.076028 0.758534 0.213072 0.137362 0.095989 0.208924 0.138053 0.262071 0.131211 0.180664 0.109783 0.091455 0.058666 0.127241 0.146457 0.130771 0.157890 0.119051 0.248769 0.280588 
0.157928 0.144056 0.247008 0.153903 0.259313 0.131248 0.225357 0.153758 0.293625 0.069391 0.124043 0.169023 0.238659 0.251773 0.047645 0.094869 0.203476 0.221601 0.152124 0.110269 0.216961 0.082446 0.094019 0.040048 0.170973 0.046185 0.208493 0.207288 0.214838 0.023827 0.151486 0.186233 1.000000 0.032749 0.156588 0.163033 0.026983 0.092476 0.020163 0.169264 0.206488 0.139557 0.269984 0.314454 0.202172 0.161448 0.243375 0.004602 0.034652 0.183142 0.191137 0.051876 0.147583 0.220993 0.036989 0.033916 0.071208 0.051298 0.291449 0.132933 0.053594 0.062694 0.046303 0.065986 0.045031 0.207363 0.082279 0.225416 0.221473 0.234402 0.404016 
0.025831 0.066230 0.015240 0.032384 0.071033 0.029543 0.086757 0.033052 0.025648 0.003381 0.012635 0.062254 0.046343 0.051181 0.084346 0.074384 0.037473 0.034180 0.012200 0.061824 0.080258 0.114256 0.134268 0.083765 0.043848 0.122439 0.051389 0.009124 0.154243 0.176190 0.239972 0.103117 0.032749 1.000000 0.056096 0.102292 0.088116 0.045368 0.143769 0.065159 0.066028 0.071485 0.066587 0.068479 0.073065 0.168859 0.048825 0.138448 0.190876 0.080294 0.056116 0.071389 0.119841 0.150186 0.111023 0.347161 0.060353 0.267484 0.040373 0.079050 0.099730 0.353764 0.316223 0.206222 0.085682 0.060118 0.097438 0.021512 0.007993 0.050785 0.002043 
0.239380 0.108542 0.109627 0.207149 0.260041 0.105323 0.126231 0.223087 0.145694 0.096766 0.201933 0.153117 0.123378 0.213144 0.166902 0.175480 0.290143 0.169732 0.241055 0.141884 0.118873 0.139605 0.181589 0.161702 0.271469 0.098712 0.249331 0.320204 0.114330 0.216299 0.037978 0.143141 0.156588 0.056096 1.000000 0.161523 0.116363 0.198890 0.180155 0.203133 0.272569 0.112653 0.208827 0.248162 0.131420 0.121598 0.271853 0.174062 0.058464 0.099800 0.271295 0.186242 0.122932 0.117065 0.179972 0.059106 0.200220 0.074879 0.234623 0.230071 0.198626 0.058873 0.054740 0.056819 0.234999 0.258156 0.245548 0.309003 0.115545 0.333406 0.260231 
0.202150 0.081004 0.079510 0.184658 0.224375 0.093351 0.106990 0.207887 0.116479 0.077225 0.215994 0.134128 0.094482 0.197662 0.087278 0.200289 0.151507 0.233173 0.228981 0.106629 0.103486 0.117691 0.118210 0.108726 0.152444 0.093229 0.155916 0.192272 0.121622 0.163172 0.070229 0.134414 0.163033 0.102292 0.161523 1.000000 0.102191 0.187608 0.123185 0.162010 0.174777 0.119211 0.163273 0.156842 0.106145 0.117425 0.149925 0.117699 0.079602 0.166541 0.157968 0.119213 0.124378 0.122508 0.114247 0.105835 0.125839 0.117706 0.177460 0.131573 0.127954 0.113680 0.103527 0.079472 0.137360 0.143770 0.158709 0.163709 0.063927 0.238141 0.198174 
0.062118 0.074951 0.054414 0.087584 0.114485 0.042379 0.062304 0.052555 0.062903 0.053535 0.060035 0.088081 0.053269 0.099891 0.094691 0.089798 0.102708 0.058742 0.077773 0.117349 0.044859 0.080158 0.097423 0.083149 0.108621 0.074857 0.089274 0.102725 0.063612 0.128251 0.106690 0.069375 0.026983 0.088116 0.116363 0.102191 1.000000 0.066545 0.117960 0.164276 0.114546 0.062333 0.146434 0.093985 0.046271 0.069001 0.055501 0.119863 0.078671 0.070191 0.106665 0.092231 0.067598 0.061287 0.119111 0.091844 0.090810 0.080577 0.141622 0.104905 0.117944 0.101975 0.096142 0.089843 0.128294 0.092755 0.129694 0.095996 0.046914 0.143557 0.088107 
0.444592 0.169209 0.038320 0.356862 0.266935 0.211248 0.020388 0.482700 0.027622 0.058760 0.490811 0.173243 0.088292 0.367861 0.059838 0.332231 0.171396 0.187616 0.621453 0.137492 0.116177 0.148145 0.062278 0.095544 0.157768 0.092848 0.118850 0.273355 0.087715 0.237446 0.026791 0.160832 0.092476 0.045368 0.198890 0.187608 0.066545 1.000000 0.102877 0.160166 0.210291 0.120220 0.150780 0.253080 0.146992 0.098773 0.427954 0.090419 0.045274 0.066464 0.141569 0.123078 0.129799 0.096705 0.089520 0.036865 0.156173 0.047620 0.190082 0.131957 0.123241 0.059796 0.024484 0.040418 0.154376 0.146000 0.177192 0.204304 0.172750 0.359495 0.262027 
0.057284 0.100990 0.053608 0.136048 0.153117 0.059384 0.090137 0.045265 0.075433 0.056289 0.079362 0.163217 0.070254 0.136682 0.186733 0.106278 0.188317 0.058405 0.081875 0.123812 0.057717 0.151487 0.195414 0.148027 0.194822 0.188469 0.150433 0.143989 0.097788 0.232331 0.153571 0.138968 0.020163 0.143769 0.180155 0.123185 0.117960 0.102877 1.000000 0.158143 0.213275 0.143651 0.144022 0.042754 0.038606 0.098388 0.075434 0.332083 0.116979 0.093769 0.167096 0.147265 0.137158 0.083142 0.266155 0.144619 0.273034 0.127743 0.150905 0.196451 0.286571 0.168317 0.147763 0.133823 0.232724 0.166536 0.223362 0.141156 0.048280 0.110657 0.102443 
0.167414 0.128070 0.079699 0.217079 0.247576 0.115510 0.112856 0.149125 0.127644 0.118146 0.172989 0.223925 0.131967 0.212357 0.100585 0.165269 0.203522 0.172618 0.213628 0.179502 0.149700 0.208266 0.127847 0.131011 0.223025 0.175020 0.158965 0.229467 0.151405 0.169229 0.017278 0.202025 0.169264 0.065159 0.203133 0.162010 0.164276 0.160166 0.158143 1.000000 0.234946 0.152426 0.287629 0.239406 0.121066 0.125394 0.192723 0.164591 0.049003 0.090690 0.191875 0.132987 0.172003 0.143485 0.166800 0.060591 0.210687 0.087773 0.305584 0.165599 0.210869 0.070008 0.052470 0.044837 0.188559 0.172789 0.182359 0.188700 0.143537 0.305185 0.288316 
0.221473 0.139642 0.122600 0.246767 0.289599 0.127038 0.146809 0.207292 0.167618 0.142360 0.212280 0.221563 0.155384 0.262621 0.179095 0.186868 0.294937 0.185424 0.245267 0.157143 0.147189 0.160730 0.200060 0.162252 0.319257 0.131126 0.251365 0.300234 0.153979 0.248143 0.028372 0.191370 0.206488 0.066028 0.272569 0.174777 0.114546 0.210291 0.213275 0.234946 1.000000 0.152981 0.249574 0.245506 0.136071 0.137068 0.276572 0.212953 0.061519 0.110566 0.271651 0.182089 0.163176 0.152169 0.218643 0.063858 0.241822 0.091761 0.278289 0.243473 0.244363 0.066935 0.055257 0.058006 0.250428 0.268385 0.257846 0.289830 0.149327 0.315138 0.301805 
0.107267 0.071689 0.058574 0.149095 0.176448 0.074068 0.078526 0.099173 0.097435 0.084245 0.119635 0.173290 0.093024 0.143330 0.067579 0.110540 0.128879 0.115224 0.124981 0.104299 0.115474 0.151102 0.086446 0.070162 0.150637 0.142539 0.100914 0.128296 0.126040 0.098776 0.017718 0.184306 0.139557 0.071485 0.112653 0.119211 0.062333 0.120220 0.143651 0.152426 0.152981 1.000000 0.171195 0.129032 0.100386 0.106285 0.098662 0.120877 0.048581 0.084926 0.112193 0.076967 0.163138 0.126330 0.110657 0.064706 0.143680 0.090250 0.193708 0.109508 0.136269 0.078066 0.058293 0.045068 0.109313 0.115704 0.112031 0.117984 0.126898 0.160805 0.194281 
0.207046 0.132377 0.169531 0.240839 0.329454 0.121625 0.178689 0.188453 0.217530 0.099515 0.190077 0.262691 0.183047 0.238252 0.111619 0.150924 0.238755 0.195970 0.172521 0.275919 0.180827 0.148971 0.150941 0.137089 0.229530 0.132108 0.208058 0.235747 0.192199 0.141047 0.004701 0.217878 0.269984 0.066587 0.208827 0.163273 0.146434 0.150780 0.144022 0.287629 0.249574 0.171195 1.000000 0.377748 0.168884 0.174470 0.188185 0.136213 0.050466 0.110501 0.227927 0.154700 0.180802 0.196679 0.150514 0.064626 0.176177 0.107899 0.484215 0.184919 0.177974 0.060373 0.057126 0.040164 0.149856 0.221606 0.174308 0.239320 0.192581 0.300079 0.351262 
0.389077 0.092340 0.125795 0.299119 0.370758 0.131400 0.111139 0.371664 0.184751 0.150657 0.327862 0.241487 0.147716 0.262366 0.063098 0.188454 0.291048 0.244584 0.339742 0.227552 0.156125 0.107347 0.053002 0.066601 0.275624 0.064163 0.219201 0.347683 0.098642 0.102495 0.126301 0.179885 0.314454 0.068479 0.248162 0.156842 0.093985 0.253080 0.042754 0.239406 0.245506 0.129032 0.377748 1.000000 0.174000 0.082550 0.367460 0.035326 0.053691 0.100652 0.245201 0.113859 0.125596 0.106055 0.079247 0.086361 0.170940 0.040841 0.459334 0.176814 0.130710 0.081952 0.101893 0.073338 0.128103 0.245976 0.162556 0.330794 0.246064 0.503972 0.453931 
0.109702 0.057120 0.123146 0.071448 0.177645 0.055440 0.146753 0.116335 0.143253 0.043792 0.092624 0.061086 0.122465 0.129162 0.036648 0.131547 0.140396 0.173453 0.165311 0.088224 0.215715 0.126503 0.080015 0.056678 0.119115 0.079069 0.139509 0.183912 0.225104 0.055571 0.005314 0.172169 0.202172 0.073065 0.131420 0.106145 0.046271 0.146992 0.038606 0.121066 0.136071 0.100386 0.168884 0.174000 1.000000 0.264475 0.143945 0.023494 0.069821 0.076778 0.136374 0.068088 0.148435 0.241609 0.036901 0.087619 0.068157 0.144832 0.171523 0.095109 0.047776 0.063671 0.084816 0.047424 0.054625 0.143597 0.079669 0.183798 0.055670 0.191563 0.204328 
0.042743 0.086302 0.136150 0.050276 0.173630 0.057405 0.189914 0.043422 0.149427 0.026951 0.034206 0.065032 0.139059 0.125806 0.069555 0.109824 0.121562 0.148257 0.080711 0.107265 0.218164 0.147703 0.134028 0.088041 0.104993 0.117244 0.141012 0.123541 0.272206 0.082286 0.100763 0.174253 0.161448 0.168859 0.121598 0.117425 0.069001 0.098773 0.098388 0.125394 0.137068 0.106285 0.174470 0.082550 0.264475 1.000000 0.071023 0.080567 0.151526 0.090275 0.137760 0.083316 0.165758 0.274265 0.075871 0.197148 0.064577 0.240520 0.155715 0.110888 0.071544 0.172128 0.200458 0.140178 0.069063 0.142632 0.094066 0.142168 0.013358 0.083619 0.153594 
0.321683 0.266599 0.020809 0.232558 0.220552 0.202817 0.077937 0.334648 0.079640 0.104445 0.297448 0.164585 0.184778 0.356221 0.095247 0.206838 0.286378 0.213985 0.530049 0.132820 0.124744 0.088628 0.089042 0.095834 0.259055 0.040454 0.237307 0.394270 0.079102 0.152139 0.084036 0.121979 0.243375 0.048825 0.271853 0.149925 0.055501 0.427954 0.075434 0.192723 0.276572 0.098662 0.188185 0.367460 0.143945 0.071023 1.000000 0.052559 0.031434 0.068978 0.256840 0.138065 0.086220 0.083238 0.089084 0.055686 0.157923 0.019528 0.225771 0.197656 0.121431 0.059337 0.067997 0.045545 0.171142 0.253184 0.204771 0.337737 0.261697 0.409297 0.370338 
0.043114 0.077426 0.038520 0.133269 0.136751 0.041968 0.070742 0.031156 0.059247 0.034166 0.076736 0.174130 0.049017 0.121965 0.190882 0.103623 0.194570 0.044363 0.073742 0.125883 0.044119 0.179435 0.183411 0.144365 0.179780 0.251873 0.134720 0.145046 0.081656 0.251603 0.156187 0.156978 0.004602 0.138448 0.174062 0.117699 0.119863 0.090419 0.332083 0.164591 0.212953 0.120877 0.136213 0.035326 0.023494 0.080567 0.052559 1.000000 0.115841 0.102558 0.146125 0.140002 0.157793 0.066620 0.322724 0.134521 0.406678 0.112927 0.152421 0.197968 0.359939 0.169261 0.136441 0.133801 0.247200 0.154122 0.226694 0.126765 0.028618 0.106554 0.084274 
0.026881 0.071008 0.038637 0.007397 0.053629 0.014162 0.080419 0.027448 0.027806 0.001796 0.017711 0.025362 0.033900 0.056601 0.092012 0.046882 0.041561 0.011104 0.014443 0.058148 0.064758 0.099252 0.110092 0.093507 0.040087 0.090306 0.053071 0.011174 0.121509 0.094533 0.230287 0.068336 0.034652 0.190876 0.058464 0.079602 0.078671 0.045274 0.116979 0.049003 0.061519 0.048581 0.050466 0.053691 0.069821 0.151526 0.031434 0.115841 1.000000 0.068659 0.060295 0.082997 0.081389 0.110955 0.097281 0.215169 0.035219 0.197421 0.025884 0.072800 0.074430 0.217385 0.226656 0.219741 0.085327 0.055839 0.090167 0.032455 0.047587 0.038386 0.030074 
0.078984 0.053882 0.115452 0.081931 0.122075 0.030535 0.102971 0.076778 0.126061 0.030828 0.073933 0.055141 0.078317 0.132411 0.077676 0.101045 0.110590 0.099639 0.084591 0.068421 0.069934 0.081427 0.094742 0.079394 0.091667 0.084064 0.098401 0.108498 0.086531 0.092595 0.056475 0.111800 0.183142 0.080294 0.099800 0.166541 0.070191 0.066464 0.093769 0.090690 0.110566 0.084926 0.110501 0.100652 0.076778 0.090275 0.068978 0.102558 0.068659 1.000000 0.096870 0.078687 0.108014 0.097936 0.100836 0.086654 0.090864 0.097153 0.115365 0.096314 0.105059 0.090844 0.087771 0.071287 0.089188 0.103419 0.104967 0.104168 0.013076 0.109667 0.127511 
0.166809 0.110164 0.145372 0.150696 0.246488 0.077160 0.160016 0.155391 0.176548 0.167076 0.136740 0.134866 0.140586 0.201459 0.165451 0.142024 0.299840 0.190680 0.180821 0.141411 0.126606 0.117325 0.192509 0.165051 0.317557 0.079904 0.276389 0.327722 0.138957 0.187601 0.030830 0.129409 0.191137 0.056116 0.271295 0.157968 0.106665 0.141569 0.167096 0.191875 0.271651 0.112193 0.227927 0.245201 0.136374 0.137760 0.256840 0.146125 0.060295 0.096870 1.000000 0.189273 0.111033 0.133906 0.160704 0.064280 0.164927 0.088141 0.234493 0.233976 0.170539 0.055942 0.060146 0.055304 0.223331 0.279623 0.236100 0.326330 0.108660 0.319293 0.267523 
0.097292 0.069300 0.047288 0.092633 0.139803 0.032831 0.072895 0.086616 0.062043 0.074415 0.085865 0.078603 0.048389 0.122956 0.139000 0.105443 0.170881 0.091858 0.120277 0.114935 0.051025 0.069464 0.209994 0.474056 0.166306 0.070452 0.148377 0.294761 0.065956 0.190210 0.110758 0.076028 0.051876 0.071389 0.186242 0.119213 0.092231 0.123078 0.147265 0.132987 0.182089 0.076967 0.154700 0.113859 0.068088 0.083316 0.138065 0.140002 0.082997 0.078687 0.189273 1.000000 0.067155 0.079066 0.149982 0.078468 0.112566 0.071393 0.152150 0.152091 0.145735 0.084930 0.080746 0.094974 0.240694 0.156513 0.193484 0.188493 0.028072 0.235373 0.127918 
0.102749 0.052641 0.071782 0.159228 0.188492 0.057556 0.103734 0.094671 0.118766 0.059275 0.135816 0.196943 0.100435 0.147246 0.069928 0.124318 0.147504 0.125647 0.128844 0.105897 0.160682 0.223259 0.097155 0.066112 0.148047 0.220259 0.108237 0.149882 0.192178 0.110960 0.042650 0.758534 0.147583 0.119841 0.122932 0.124378 0.067598 0.129799 0.137158 0.172003 0.163176 0.163138 0.180802 0.125596 0.148435 0.165758 0.086220 0.157793 0.081389 0.108014 0.111033 0.067155 1.000000 0.194176 0.130811 0.117282 0.185909 0.149254 0.213978 0.116032 0.166463 0.128432 0.116162 0.073395 0.113609 0.125828 0.117997 0.131208 0.074359 0.196904 0.222490 
0.055810 0.089355 0.152797 0.070536 0.190138 0.068521 0.194985 0.054473 0.172385 0.034923 0.048314 0.089130 0.158003 0.149354 0.060638 0.108170 0.125055 0.163979 0.085686 0.098268 0.240395 0.142607 0.127812 0.085429 0.110278 0.114333 0.142342 0.132555 0.290175 0.070573 0.055880 0.213072 0.220993 0.150186 0.117065 0.122508 0.061287 0.096705 0.083142 0.143485 0.152169 0.126330 0.196679 0.106055 0.241609 0.274265 0.083238 0.066620 0.110955 0.097936 0.133906 0.079066 0.194176 1.000000 0.072201 0.169044 0.068028 0.224027 0.183968 0.106518 0.073900 0.145326 0.172137 0.094053 0.062049 0.142325 0.087074 0.138511 0.054651 0.098602 0.202370 
0.056981 0.097570 0.053843 0.125825 0.135444 0.053026 0.075018 0.046329 0.071573 0.044049 0.074553 0.157343 0.070329 0.145167 0.183115 0.096591 0.202618 0.060891 0.081547 0.124864 0.054695 0.152271 0.181522 0.148051 0.185670 0.249710 0.152608 0.156869 0.080926 0.215226 0.123719 0.137362 0.036989 0.111023 0.179972 0.114247 0.119111 0.089520 0.266155 0.166800 0.218643 0.110657 0.150514 0.079247 0.036901 0.075871 0.089084 0.322724 0.097281 0.100836 0.160704 0.149982 0.130811 0.072201 1.000000 0.107797 0.266507 0.094859 0.173978 0.195357 0.420884 0.132610 0.107934 0.113900 0.236995 0.165713 0.219026 0.149225 0.066407 0.138213 0.115890 
0.043658 0.082651 0.035917 0.007734 0.067018 0.033518 0.112940 0.048264 0.038607 0.000910 0.034324 0.038821 0.059970 0.051876 0.091021 0.072967 0.034446 0.036085 0.024992 0.061096 0.090918 0.109516 0.152013 0.093620 0.040450 0.112393 0.060172 0.005534 0.175704 0.140146 0.262404 0.095989 0.033916 0.347161 0.059106 0.105835 0.091844 0.036865 0.144619 0.060591 0.063858 0.064706 0.064626 0.086361 0.087619 0.197148 0.055686 0.134521 0.215169 0.086654 0.064280 0.078468 0.117282 0.169044 0.107797 1.000000 0.039889 0.301499 0.028298 0.082076 0.085612 0.331531 0.343243 0.230357 0.079949 0.065649 0.097836 0.025111 0.039553 0.069200 0.012313 
0.149651 0.042867 0.011646 0.199864 0.182483 0.066126 0.035606 0.130992 0.065134 0.105014 0.165868 0.217710 0.052535 0.143038 0.132025 0.152306 0.252771 0.120755 0.190027 0.133869 0.078380 0.206262 0.108429 0.097378 0.258605 0.231324 0.141088 0.253936 0.080346 0.219133 0.021475 0.208924 0.071208 0.060353 0.200220 0.125839 0.090810 0.156173 0.273034 0.210687 0.241822 0.143680 0.176177 0.170940 0.068157 0.064577 0.157923 0.406678 0.035219 0.090864 0.164927 0.112566 0.185909 0.068028 0.266507 0.039889 1.000000 0.045006 0.224307 0.191299 0.347003 0.078219 0.030195 0.037145 0.251526 0.175129 0.216157 0.193101 0.103817 0.269282 0.214817 
0.021981 0.094277 0.072801 0.025388 0.105384 0.057394 0.148712 0.026370 0.085340 0.010805 0.017948 0.061046 0.103899 0.083158 0.080274 0.088880 0.060259 0.083858 0.002662 0.068867 0.149071 0.126851 0.156399 0.087217 0.063454 0.119022 0.090990 0.040247 0.229435 0.090694 0.197503 0.138053 0.051298 0.267484 0.074879 0.117706 0.080577 0.047620 0.127743 0.087773 0.091761 0.090250 0.107899 0.040841 0.144832 0.240520 0.019528 0.112927 0.197421 0.097153 0.088141 0.071393 0.149254 0.224027 0.094859 0.301499 0.045006 1.000000 0.076358 0.092019 0.080404 0.285242 0.309623 0.200223 0.066885 0.094162 0.090022 0.059871 0.008657 0.034589 0.058308 
0.281996 0.110539 0.153392 0.318015 0.387855 0.133013 0.162345 0.256687 0.219699 0.123495 0.271047 0.345162 0.176923 0.263731 0.107939 0.176443 0.275283 0.217331 0.228854 0.288584 0.189049 0.176751 0.136472 0.128247 0.269369 0.167724 0.218591 0.280941 0.182816 0.152207 0.038508 0.262071 0.291449 0.040373 0.234623 0.177460 0.141622 0.190082 0.150905 0.305584 0.278289 0.193708 0.484215 0.459334 0.171523 0.155715 0.225771 0.152421 0.025884 0.115365 0.234493 0.152150 0.213978 0.183968 0.173978 0.028298 0.224307 0.076358 1.000000 0.202090 0.226316 0.035489 0.017785 0.012244 0.170748 0.240920 0.189693 0.272272 0.225506 0.394769 0.413282 
0.137836 0.122198 0.101730 0.162910 0.205516 0.090045 0.119316 0.125677 0.130900 0.098124 0.125821 0.161123 0.118371 0.183808 0.168600 0.123598 0.254626 0.121551 0.145934 0.131710 0.097421 0.121914 0.178480 0.137045 0.253361 0.118539 0.222396 0.229719 0.113781 0.189214 0.065624 0.131211 0.132933 0.079050 0.230071 0.131573 0.104905 0.131957 0.196451 0.165599 0.243473 0.109508 0.184919 0.176814 0.095109 0.110888 0.197656 0.197968 0.072800 0.096314 0.233976 0.152091 0.116032 0.106518 0.195357 0.082076 0.191299 0.092019 0.202090 1.000000 0.213414 0.087338 0.078884 0.076772 0.233643 0.233216 0.219503 0.245183 0.113638 0.217882 0.212255 
0.096169 0.078428 0.035611 0.167650 0.163056 0.058787 0.060099 0.082105 0.073879 0.101314 0.119106 0.198792 0.067581 0.164000 0.170487 0.129306 0.237162 0.092967 0.135343 0.140922 0.068228 0.205029 0.164648 0.136905 0.250302 0.350190 0.153949 0.206486 0.085217 0.231893 0.085103 0.180664 0.053594 0.099730 0.198626 0.127954 0.117944 0.123241 0.286571 0.210869 0.244363 0.136269 0.177974 0.130710 0.047776 0.071544 0.121431 0.359939 0.074430 0.105059 0.170539 0.145735 0.166463 0.073900 0.420884 0.085612 0.347003 0.080404 0.226316 0.213414 1.000000 0.121729 0.081010 0.086313 0.264765 0.177050 0.237902 0.174424 0.086360 0.227584 0.178384 
0.020119 0.074778 0.002328 0.053146 0.078875 0.035976 0.080320 0.029543 0.013697 0.014047 0.001642 0.084395 0.035447 0.052950 0.096902 0.084352 0.035205 0.025460 0.008132 0.070119 0.072451 0.126985 0.140857 0.098022 0.051793 0.141075 0.044055 0.001522 0.155530 0.142917 0.288825 0.109783 0.062694 0.353764 0.058873 0.113680 0.101975 0.059796 0.168317 0.070008 0.066935 0.078066 0.060373 0.081952 0.063671 0.172128 0.059337 0.169261 0.217385 0.090844 0.055942 0.084930 0.128432 0.145326 0.132610 0.331531 0.078219 0.285242 0.035489 0.087338 0.121729 1.000000 0.340051 0.237877 0.103945 0.057576 0.110363 0.012175 0.016935 0.058506 0.007781 
