1.000000 0.019490 0.205260 0.744416 0.368811 0.322451 0.027510 0.859322 0.152322 0.086913 0.601011 0.184305 0.102591 0.066095 0.032746 0.076456 0.286416 0.174721 0.078737 0.161967 0.107098 0.058438 0.075025 0.147502 0.081825 0.236871 0.180997 0.282337 0.100400 0.044780 0.073943 0.090067 0.082751 0.018185 0.138750 0.050262 0.236995 0.030736 0.185251 0.094133 0.061949 0.134321 0.042037 0.061766 0.108686 0.114008 0.257802 0.073705 0.159155 0.359181 0.037263 0.027120 0.020665 0.025817 0.086447 0.258879 0.094978 0.123148 0.190390 0.211793 0.191149 0.284855 0.128603 0.083060 0.088558 0.236147 0.032917 0.030086 0.181487 0.018355 0.048277 0.025880 0.443372 0.120057 
0.019490 1.000000 0.061852 0.048503 0.032778 0.283631 0.023988 0.059321 0.007740 0.025431 0.071959 0.136272 0.286744 0.062802 0.058758 0.064219 0.095575 0.323623 0.054715 0.095912 0.135098 0.104267 0.052790 0.090909 0.065925 0.087906 0.128539 0.071488 0.037263 0.130799 0.067850 0.100233 0.033333 0.085667 0.091730 0.094904 0.073220 0.048271 0.091949 0.033992 0.041298 0.131538 0.054438 0.031434 0.040135 0.166654 0.048346 0.060296 0.099179 0.090494 0.036965 0.018166 0.040712 0.042491 0.042525 0.106842 0.063222 0.112909 0.091246 0.099974 0.083973 0.056740 0.056304 0.060096 0.059206 0.054134 0.031334 0.043321 0.069569 0.054981 0.032483 0.096618 0.042138 0.124613 
0.205260 0.061852 1.000000 0.222394 0.291636 0.048019 0.008035 0.195892 0.649507 0.059007 0.100016 0.105084 0.204608 0.047367 0.076916 0.100384 0.215055 0.022612 0.101424 0.128707 0.121465 0.132700 0.048214 0.067966 0.048229 0.125341 0.114961 0.099583 0.062752 0.200359 0.095664 0.040435 0.063939 0.112196 0.123736 0.096017 0.177912 0.072771 0.202552 0.035876 0.073960 0.141997 0.061240 0.023166 0.072534 0.103951 0.118094 0.106263 0.188205 0.198940 0.048132 0.006456 0.023371 0.054650 0.064232 0.203446 0.088350 0.217629 0.176084 0.184532 0.161133 0.109568 0.092007 0.100199 0.100449 0.034586 0.030176 0.040701 0.102312 0.075500 0.050415 0.218927 0.205448 0.031560 
0.744416 0.048503 0.222394 1.000000 0.440705 0.356942 0.037587 0.653077 0.224205 0.104467 0.548871 0.458949 0.153298 0.116400 0.048628 0.089140 0.188987 0.177001 0.104287 0.168120 0.157827 0.075492 0.158317 0.206293 0.149236 0.206513 0.246204 0.207097 0.132685 0.076012 0.115809 0.163723 0.115314 0.031970 0.144911 0.079507 0.234284 0.032258 0.133033 0.148595 0.084716 0.174522 0.060703 0.132954 0.111825 0.175028 0.216428 0.080024 0.164421 0.297606 0.048463 0.007283 0.003526 0.030199 0.113840 0.232874 0.079963 0.148794 0.194744 0.218792 0.202992 0.234715 0.155090 0.106328 0.139197 0.137983 0.043855 0.062620 0.230274 0.047689 0.063409 0.043999 0.381835 0.203686 
0.368811 0.032778 0.291636 0.440705 1.000000 0.123065 0.127428 0.340814 0.285615 0.083018 0.267732 0.242820 0.134598 0.125455 0.156562 0.112128 0.101363 0.100581 0.110027 0.200553 0.127281 0.158123 0.129924 0.189664 0.156529 0.168289 0.228924 0.174001 0.131108 0.145496 0.112443 0.156147 0.102838 0.142236 0.130894 0.145781 0.202696 0.073913 0.092084 0.099532 0.104043 0.137169 0.152014 0.105025 0.121435 0.195677 0.184481 0.093069 0.197770 0.240904 0.083147 0.125378 0.110572 0.086101 0.132527 0.213031 0.131902 0.207898 0.205093 0.213053 0.207087 0.228438 0.123546 0.140532 0.168986 0.094194 0.078309 0.144744 0.199961 0.171342 0.088848 0.140837 0.237674 0.220635 
0.322451 0.283631 0.048019 0.356942 0.123065 1.000000 0.014073 0.372739 0.037347 0.030332 0.300896 0.313677 0.449531 0.064832 0.070223 0.063247 0.082372 0.262783 0.052984 0.107868 0.089027 0.082060 0.083457 0.138506 0.089447 0.125745 0.170765 0.114297 0.059313 0.076696 0.057174 0.130596 0.052721 0.058922 0.084519 0.089265 0.103323 0.036309 0.055506 0.057461 0.054626 0.105628 0.073615 0.062389 0.060006 0.170213 0.094944 0.053423 0.109458 0.140784 0.045133 0.026032 0.054378 0.041135 0.064924 0.129496 0.061832 0.105465 0.110717 0.125963 0.113956 0.121926 0.071365 0.075599 0.077918 0.082766 0.044069 0.068080 0.126110 0.075996 0.044881 0.062397 0.097376 0.176196 
0.027510 0.023988 0.008035 0.037587 0.127428 0.014073 1.000000 0.033011 0.015450 0.006343 0.031428 0.064976 0.027518 0.043325 0.065089 0.028624 0.005705 0.031905 0.036872 0.020987 0.006566 0.051608 0.015814 0.008693 0.005928 0.030925 0.002477 0.025587 0.008931 0.054207 0.042341 0.025148 0.008151 0.094648 0.010869 0.025397 0.016270 0.021236 0.003077 0.010398 0.020953 0.004242 0.059193 0.014599 0.019807 0.014762 0.016244 0.025657 0.045399 0.014145 0.023368 0.080268 0.071162 0.041640 0.027061 0.021675 0.047405 0.064032 0.031540 0.026305 0.035385 0.023975 0.009902 0.028622 0.028679 0.004568 0.022641 0.049514 0.001045 0.070861 0.019044 0.035941 0.053292 0.004614 
0.859322 0.059321 0.195892 0.653077 0.340814 0.372739 0.033011 1.000000 0.114507 0.063657 0.768865 0.220582 0.129070 0.079883 0.043743 0.079015 0.268307 0.201756 0.080855 0.164924 0.119313 0.070878 0.089013 0.169915 0.100983 0.228041 0.204307 0.276284 0.087194 0.064378 0.084612 0.113247 0.078537 0.039520 0.140982 0.066187 0.217046 0.037674 0.163884 0.096343 0.064903 0.145979 0.051662 0.070679 0.098821 0.142458 0.223444 0.072160 0.156569 0.318184 0.040912 0.011012 0.008157 0.032116 0.088603 0.246811 0.090940 0.128466 0.180211 0.198480 0.185669 0.286125 0.121764 0.086821 0.091246 0.232094 0.036822 0.042809 0.181821 0.035520 0.050271 0.047030 0.358398 0.141161 
0.152322 0.007740 0.649507 0.224205 0.285615 0.037347 0.015450 0.114507 1.000000 0.115091 0.050813 0.211274 0.226275 0.065403 0.091027 0.100330 0.173326 0.057806 0.096661 0.142118 0.130442 0.135809 0.083700 0.105861 0.082514 0.111040 0.150658 0.115035 0.119415 0.167716 0.101488 0.083427 0.081653 0.110872 0.123377 0.107867 0.191717 0.072188 0.174473 0.060632 0.084907 0.142147 0.086412 0.055668 0.091826 0.134450 0.144799 0.102547 0.196290 0.202912 0.053508 0.030931 0.006125 0.057854 0.087082 0.207931 0.094346 0.208519 0.187830 0.203369 0.179523 0.115992 0.105282 0.113222 0.142821 0.032451 0.040187 0.067339 0.139020 0.092125 0.062930 0.232372 0.251946 0.089351 
0.086913 0.025431 0.059007 0.104467 0.083018 0.030332 0.006343 0.063657 0.115091 1.000000 0.042131 0.071680 0.052538 0.050731 0.038565 0.074039 0.101198 0.073128 0.082184 0.123471 0.108607 0.072144 0.076130 0.088409 0.067545 0.087021 0.119931 0.140260 0.575125 0.075354 0.093119 0.083575 0.067913 0.043369 0.079171 0.081303 0.178985 0.035385 0.098771 0.070196 0.064170 0.110941 0.043777 0.059058 0.074174 0.101788 0.169465 0.070630 0.129018 0.202068 0.036766 0.001252 0.001046 0.037901 0.092982 0.143609 0.051118 0.104018 0.131782 0.166536 0.127001 0.103713 0.107453 0.074768 0.454040 0.047457 0.034503 0.034667 0.183835 0.045444 0.049497 0.053362 0.323982 0.172591 
0.601011 0.071959 0.100016 0.548871 0.267732 0.300896 0.031428 0.768865 0.050813 0.042131 1.000000 0.337492 0.089919 0.125296 0.038857 0.068320 0.186367 0.195765 0.077477 0.155439 0.129397 0.055262 0.143170 0.216475 0.163432 0.188632 0.236787 0.236705 0.076370 0.055349 0.100995 0.163194 0.082998 0.034066 0.125873 0.066042 0.182830 0.025221 0.106647 0.132138 0.064360 0.150894 0.048153 0.115344 0.082310 0.164424 0.176402 0.054495 0.118924 0.250517 0.036893 0.022667 0.006103 0.025100 0.095691 0.194231 0.073451 0.101909 0.148658 0.162575 0.164773 0.270621 0.122083 0.079300 0.089555 0.189062 0.038020 0.057771 0.201189 0.037410 0.048990 0.032777 0.278087 0.189169 
0.184305 0.136272 0.105084 0.458949 0.242820 0.313677 0.064976 0.220582 0.211274 0.071680 0.337492 1.000000 0.199950 0.138423 0.054260 0.088638 0.096004 0.183825 0.106037 0.145741 0.199175 0.096535 0.235358 0.224545 0.199568 0.119728 0.264795 0.131714 0.106076 0.107879 0.142003 0.223527 0.123275 0.049492 0.134138 0.105373 0.170815 0.028179 0.087795 0.180016 0.087628 0.197477 0.063311 0.197345 0.086257 0.209024 0.122494 0.075247 0.139887 0.177676 0.046005 0.018203 0.016931 0.032022 0.115042 0.171907 0.062869 0.148966 0.158372 0.181255 0.170295 0.124878 0.157366 0.107964 0.137928 0.044891 0.040321 0.083389 0.231010 0.062319 0.062244 0.094933 0.204233 0.254329 
0.102591 0.286744 0.204608 0.153298 0.134598 0.449531 0.027518 0.129070 0.226275 0.052538 0.089919 0.199950 1.000000 0.065450 0.091425 0.077737 0.107200 0.250739 0.065065 0.109897 0.121658 0.118838 0.079675 0.121329 0.083494 0.103282 0.157267 0.087173 0.071372 0.136568 0.073232 0.111428 0.057029 0.099040 0.099486 0.103610 0.119654 0.058304 0.101615 0.048677 0.066174 0.123609 0.088105 0.055927 0.067330 0.171583 0.095430 0.073856 0.146345 0.138711 0.050151 0.054205 0.050741 0.052428 0.067771 0.148669 0.077360 0.150029 0.132972 0.148580 0.131237 0.089780 0.075471 0.092176 0.099786 0.049990 0.044986 0.074125 0.115206 0.096583 0.054044 0.174330 0.108072 0.127677 
0.066095 0.062802 0.047367 0.116400 0.125455 0.064832 0.043325 0.079883 0.065403 0.050731 0.125296 0.138423 0.065450 1.000000 0.091560 0.116047 0.122976 0.111635 0.186322 0.231784 0.269610 0.159054 0.365714 0.304224 0.400748 0.226540 0.314028 0.156132 0.093599 0.190134 0.325482 0.281519 0.157945 0.230485 0.180232 0.181486 0.164015 0.090637 0.127797 0.336213 0.085798 0.283361 0.093861 0.347236 0.142409 0.258538 0.141378 0.091975 0.112264 0.188701 0.061333 0.136188 0.068501 0.081225 0.144916 0.147790 0.112967 0.141108 0.145944 0.151575 0.177595 0.187976 0.222201 0.098074 0.130633 0.077188 0.060992 0.128851 0.260352 0.101729 0.064728 0.114450 0.176074 0.267398 
0.032746 0.058758 0.076916 0.048628 0.156562 0.070223 0.065089 0.043743 0.091027 0.038565 0.038857 0.054260 0.091425 0.091560 1.000000 0.071531 0.012584 0.151562 0.059023 0.126103 0.068677 0.123003 0.080836 0.129155 0.110241 0.083412 0.144535 0.076799 0.121825 0.100477 0.065717 0.113867 0.089867 0.124589 0.071520 0.118667 0.163589 0.056408 0.018049 0.052686 0.106244 0.067688 0.208547 0.064486 0.082423 0.149640 0.180591 0.055304 0.193559 0.185849 0.065499 0.130354 0.118106 0.070175 0.142604 0.170406 0.088854 0.199747 0.182171 0.188915 0.201951 0.192522 0.063748 0.145311 0.173462 0.046683 0.067853 0.197166 0.184657 0.230093 0.102716 0.138578 0.086043 0.164643 
0.076456 0.064219 0.100384 0.089140 0.112128 0.063247 0.028624 0.079015 0.100330 0.074039 0.068320 0.088638 0.077737 0.116047 0.071531 1.000000 0.127744 0.097451 0.103512 0.140014 0.140819 0.119086 0.110154 0.104885 0.124820 0.127768 0.143355 0.101700 0.086305 0.151614 0.120732 0.100801 0.093492 0.120270 0.118910 0.112987 0.131033 0.065502 0.123064 0.095044 0.058767 0.148284 0.059235 0.089656 0.079646 0.130750 0.099839 0.140896 0.115863 0.157845 0.048216 0.038896 0.031679 0.113701 0.084079 0.136442 0.086737 0.141628 0.124657 0.128760 0.121252 0.129409 0.172872 0.075454 0.102865 0.097691 0.039131 0.066417 0.119049 0.064734 0.042111 0.092969 0.139487 0.115047 
0.286416 0.095575 0.215055 0.188987 0.101363 0.082372 0.005705 0.268307 0.173326 0.101198 0.186367 0.096004 0.107200 0.122976 0.012584 0.127744 1.000000 0.161637 0.207424 0.195138 0.242130 0.152012 0.056145 0.080292 0.073530 0.274840 0.139703 0.264899 0.071651 0.269596 0.181442 0.040889 0.078626 0.149777 0.225200 0.107535 0.246169 0.098877 0.485029 0.097683 0.055062 0.288437 0.006787 0.035068 0.117434 0.117585 0.205283 0.154008 0.183165 0.347340 0.033989 0.071772 0.074739 0.060488 0.060889 0.274909 0.135954 0.206213 0.193069 0.212336 0.171269 0.217099 0.166195 0.072852 0.068858 0.245165 0.012196 0.024227 0.120251 0.029700 0.028697 0.106628 0.383884 0.024856 
0.174721 0.323623 0.022612 0.177001 0.100581 0.262783 0.031905 0.201756 0.057806 0.073128 0.195765 0.183825 0.250739 0.111635 0.151562 0.097451 0.161637 1.000000 0.090916 0.180222 0.227809 0.126202 0.114136 0.192423 0.141061 0.166670 0.234139 0.179510 0.138297 0.148255 0.106536 0.169091 0.121400 0.111159 0.154955 0.138023 0.243427 0.064122 0.131593 0.098993 0.115382 0.198291 0.145746 0.089335 0.099854 0.246549 0.242605 0.086812 0.246558 0.312748 0.066049 0.049336 0.055120 0.061659 0.150902 0.282521 0.113392 0.222248 0.235110 0.272333 0.249287 0.257370 0.119667 0.160444 0.184028 0.190883 0.063606 0.140189 0.231621 0.178627 0.100185 0.124778 0.223067 0.187837 
0.078737 0.054715 0.101424 0.104287 0.110027 0.052984 0.036872 0.080855 0.096661 0.082184 0.077477 0.106037 0.065065 0.186322 0.059023 0.103512 0.207424 0.090916 1.000000 0.196149 0.220429 0.180731 0.136770 0.141009 0.161133 0.229157 0.177978 0.141511 0.086751 0.187074 0.200846 0.124932 0.093329 0.185559 0.161123 0.153860 0.222073 0.093865 0.209081 0.139658 0.061315 0.243384 0.050558 0.119097 0.120656 0.171396 0.113442 0.097741 0.114845 0.196320 0.049237 0.028176 0.017312 0.071652 0.089700 0.144308 0.097215 0.294422 0.132288 0.136836 0.125066 0.126714 0.135532 0.074805 0.107324 0.076410 0.039642 0.056995 0.134747 0.052711 0.042320 0.093070 0.169302 0.134662 
0.161967 0.095912 0.128707 0.168120 0.200553 0.107868 0.020987 0.164924 0.142118 0.123471 0.155439 0.145741 0.109897 0.231784 0.126103 0.140014 0.195138 0.180222 0.196149 1.000000 0.240285 0.202018 0.207500 0.231426 0.248899 0.262430 0.284689 0.243520 0.148267 0.216389 0.213548 0.212577 0.138582 0.224007 0.209333 0.216299 0.219614 0.121296 0.260415 0.182075 0.099066 0.257416 0.111990 0.174420 0.163370 0.261225 0.204963 0.117776 0.187767 0.294171 0.075645 0.080539 0.062583 0.102986 0.146216 0.238443 0.177875 0.214074 0.208405 0.217340 0.206114 0.239398 0.175381 0.126980 0.174567 0.138229 0.070097 0.120292 0.219931 0.122353 0.076437 0.135121 0.293599 0.235425 
0.107098 0.135098 0.121465 0.157827 0.127281 0.089027 0.006566 0.119313 0.130442 0.108607 0.129397 0.199175 0.121658 0.269610 0.068677 0.140819 0.242130 0.227809 0.220429 0.240285 1.000000 0.199485 0.280003 0.248016 0.309837 0.266126 0.299393 0.180542 0.126447 0.256656 0.279144 0.239841 0.158620 0.204162 0.221846 0.179857 0.226141 0.117109 0.238676 0.238437 0.117022 0.518285 0.057772 0.265574 0.140112 0.266466 0.153594 0.126578 0.162991 0.255014 0.057527 0.036386 0.007533 0.079926 0.313515 0.210360 0.120972 0.203138 0.185267 0.203906 0.200078 0.171204 0.199985 0.133220 0.165751 0.100958 0.046270 0.180991 0.258109 0.065768 0.081525 0.133508 0.237927 0.203340 
0.058438 0.104267 0.132700 0.075492 0.158123 0.082060 0.051608 0.070878 0.135809 0.072144 0.055262 0.096535 0.118838 0.159054 0.123003 0.119086 0.152012 0.126202 0.180731 0.202018 0.199485 1.000000 0.123947 0.166455 0.168928 0.187909 0.206274 0.142252 0.093005 0.215157 0.166715 0.153616 0.090044 0.221913 0.173714 0.191213 0.159366 0.112313 0.157696 0.097367 0.077034 0.207329 0.108185 0.100251 0.135375 0.216041 0.121267 0.110637 0.159490 0.173294 0.067547 0.097896 0.080021 0.099063 0.110908 0.163170 0.122389 0.211908 0.153855 0.161796 0.154403 0.126753 0.114835 0.106316 0.128380 0.061690 0.059945 0.111880 0.143233 0.123605 0.061906 0.184742 0.112519 0.157981 
0.075025 0.052790 0.048214 0.158317 0.129924 0.083457 0.015814 0.089013 0.083700 0.076130 0.143170 0.235358 0.079675 0.365714 0.080836 0.110154 0.056145 0.114136 0.136770 0.207500 0.280003 0.123947 1.000000 0.393204 0.524665 0.169695 0.367755 0.153110 0.128165 0.157118 0.288447 0.388717 0.210211 0.151843 0.164706 0.166822 0.166896 0.058213 0.055760 0.357875 0.102055 0.281645 0.083908 0.781197 0.127296 0.281223 0.123145 0.073203 0.106553 0.166235 0.054223 0.184895 0.063524 0.060649 0.181267 0.129215 0.080913 0.116703 0.130769 0.157600 0.197331 0.164528 0.223328 0.112836 0.165746 0.056327 0.056977 0.160219 0.351218 0.097963 0.079773 0.084066 0.169006 0.290354 
0.147502 0.090909 0.067966 0.206293 0.189664 0.138506 0.008693 0.169915 0.105861 0.088409 0.216475 0.224545 0.121329 0.304224 0.129155 0.104885 0.080292 0.192423 0.141009 0.231426 0.248016 0.166455 0.393204 1.000000 0.413607 0.196783 0.391638 0.203255 0.145565 0.145826 0.230347 0.357408 0.161665 0.177519 0.176893 0.186357 0.182900 0.081482 0.077305 0.281364 0.105507 0.243319 0.134567 0.375860 0.154347 0.324477 0.176555 0.073779 0.150068 0.201947 0.073529 0.199253 0.112464 0.068167 0.165521 0.168822 0.108896 0.139654 0.163094 0.189183 0.212180 0.212540 0.179949 0.131106 0.185657 0.098881 0.081399 0.170425 0.311612 0.154290 0.093281 0.149190 0.189830 0.310266 
0.081825 0.065925 0.048229 0.149236 0.156529 0.089447 0.005928 0.100983 0.082514 0.067545 0.163432 0.199568 0.083494 0.400748 0.110241 0.124820 0.073530 0.141061 0.161133 0.248899 0.309837 0.168928 0.524665 0.413607 1.000000 0.203562 0.390658 0.178646 0.127428 0.182387 0.315306 0.397172 0.226235 0.191040 0.198329 0.202576 0.191747 0.081381 0.072434 0.385889 0.112314 0.316014 0.111509 0.496851 0.162123 0.309188 0.159969 0.091447 0.132380 0.199493 0.067773 0.216621 0.090589 0.079929 0.205477 0.157702 0.108780 0.142960 0.157934 0.181967 0.230758 0.199092 0.247401 0.131330 0.173676 0.078885 0.071412 0.189396 0.347543 0.128267 0.090629 0.119252 0.184837 0.317149 
0.236871 0.087906 0.125341 0.206513 0.168289 0.125745 0.030925 0.228041 0.111040 0.087021 0.188632 0.119728 0.103282 0.226540 0.083412 0.127768 0.274840 0.166670 0.229157 0.262430 0.266126 0.187909 0.169695 0.196783 0.203562 1.000000 0.247601 0.218032 0.102405 0.209144 0.233524 0.167997 0.110932 0.223572 0.210921 0.187805 0.205370 0.125491 0.258545 0.163548 0.079953 0.296906 0.072829 0.147155 0.153884 0.228428 0.186974 0.116145 0.160247 0.301374 0.059961 0.041753 0.027525 0.089019 0.115269 0.217326 0.138667 0.186215 0.179484 0.194542 0.176546 0.222392 0.162266 0.101425 0.126629 0.159861 0.052156 0.077894 0.186958 0.072939 0.057775 0.128733 0.266272 0.184401 
0.180997 0.128539 0.114961 0.246204 0.228924 0.170765 0.002477 0.204307 0.150658 0.119931 0.236787 0.264795 0.157267 0.314028 0.144535 0.143355 0.139703 0.234139 0.177978 0.284689 0.299393 0.206274 0.367755 0.391638 0.390658 0.247601 1.000000 0.235240 0.175759 0.207252 0.257777 0.359270 0.176976 0.220126 0.217376 0.221977 0.224064 0.109183 0.134637 0.283251 0.122962 0.293080 0.146124 0.337364 0.176786 0.363582 0.203825 0.106084 0.191972 0.260316 0.087030 0.163435 0.105409 0.090461 0.186731 0.220433 0.138717 0.195094 0.208119 0.233707 0.243253 0.255805 0.209929 0.152638 0.218867 0.122574 0.086614 0.178906 0.323905 0.163140 0.101524 0.174152 0.245105 0.330306 
0.282337 0.071488 0.099583 0.207097 0.174001 0.114297 0.025587 0.276284 0.115035 0.140260 0.236705 0.131714 0.087173 0.156132 0.076799 0.101700 0.264899 0.179510 0.141511 0.243520 0.180542 0.142252 0.153110 0.203255 0.178646 0.218032 0.235240 1.000000 0.147554 0.123428 0.147543 0.166546 0.105976 0.125958 0.182832 0.138924 0.221258 0.078477 0.228778 0.146033 0.073830 0.197971 0.074937 0.131068 0.132963 0.184161 0.242697 0.090075 0.161694 0.313332 0.052496 0.057743 0.029538 0.062431 0.109998 0.238616 0.141893 0.150603 0.182902 0.205128 0.189328 0.265184 0.150471 0.098451 0.144299 0.208156 0.051920 0.070966 0.201214 0.067332 0.061880 0.102727 0.367997 0.183007 
0.100400 0.037263 0.062752 0.132685 0.131108 0.059313 0.008931 0.087194 0.119415 0.575125 0.076370 0.106076 0.071372 0.093599 0.121825 0.086305 0.071651 0.138297 0.086751 0.148267 0.126447 0.093005 0.128165 0.145565 0.127428 0.102405 0.175759 0.147554 1.000000 0.087221 0.111951 0.137777 0.125599 0.067566 0.090929 0.106817 0.248321 0.042354 0.067593 0.110518 0.118823 0.124446 0.128600 0.107836 0.087686 0.151188 0.239403 0.075168 0.203347 0.275435 0.057638 0.049689 0.045969 0.051544 0.169581 0.202288 0.067206 0.168359 0.202220 0.240260 0.218931 0.185404 0.130661 0.141898 0.625237 0.060516 0.058977 0.125459 0.292506 0.145345 0.101181 0.075251 0.315562 0.237510 
0.044780 0.130799 0.200359 0.076012 0.145496 0.076696 0.054207 0.064378 0.167716 0.075354 0.055349 0.107879 0.136568 0.190134 0.100477 0.151614 0.269596 0.148255 0.187074 0.216389 0.256656 0.215157 0.157118 0.145826 0.182387 0.209144 0.207252 0.123428 0.087221 1.000000 0.213686 0.140747 0.107149 0.240447 0.198479 0.188848 0.184237 0.123364 0.262020 0.131262 0.086475 0.266426 0.074021 0.124065 0.123804 0.223820 0.110148 0.152987 0.187866 0.205450 0.067958 0.049697 0.039044 0.108132 0.110422 0.204828 0.137379 0.246192 0.181568 0.192262 0.173473 0.127444 0.162481 0.114339 0.128764 0.067425 0.049212 0.084242 0.149790 0.094631 0.057282 0.158724 0.138615 0.125728 
0.073943 0.067850 0.095664 0.115809 0.112443 0.057174 0.042341 0.084612 0.101488 0.093119 0.100995 0.142003 0.073232 0.325482 0.065717 0.120732 0.181442 0.106536 0.200846 0.213548 0.279144 0.166715 0.288447 0.230347 0.315306 0.233524 0.257777 0.147543 0.111951 0.213686 1.000000 0.211784 0.143340 0.230561 0.193021 0.176609 0.168933 0.097614 0.179742 0.268481 0.078257 0.303057 0.054682 0.266065 0.140351 0.222915 0.122463 0.111541 0.121331 0.185271 0.046863 0.087566 0.022210 0.078279 0.123238 0.153190 0.110910 0.153824 0.134638 0.157118 0.165820 0.140240 0.201518 0.090493 0.140686 0.068084 0.039269 0.086207 0.209418 0.063384 0.053824 0.115762 0.169153 0.192391 
0.090067 0.100233 0.040435 0.163723 0.156147 0.130596 0.025148 0.113247 0.083427 0.083575 0.163194 0.223527 0.111428 0.281519 0.113867 0.100801 0.040889 0.169091 0.124932 0.212577 0.239841 0.153616 0.388717 0.357408 0.397172 0.167997 0.359270 0.166546 0.137777 0.140747 0.211784 1.000000 0.168875 0.166600 0.155514 0.178266 0.148704 0.075423 0.045970 0.260104 0.097981 0.227935 0.120934 0.355201 0.133539 0.307099 0.135185 0.065670 0.122135 0.154798 0.066965 0.180733 0.111816 0.065215 0.169768 0.132090 0.092186 0.119685 0.136478 0.162160 0.189902 0.179269 0.171595 0.118503 0.174008 0.068961 0.072901 0.175433 0.298895 0.137317 0.083588 0.126603 0.140036 0.309987 
0.082751 0.033333 0.063939 0.115314 0.102838 0.052721 0.008151 0.078537 0.081653 0.067913 0.082998 0.123275 0.057029 0.157945 0.089867 0.093492 0.078626 0.121400 0.093329 0.138582 0.158620 0.090044 0.210211 0.161665 0.226235 0.110932 0.176976 0.105976 0.125599 0.107149 0.143340 0.168875 1.000000 0.076430 0.199270 0.093423 0.186427 0.037997 0.075807 0.179290 0.098114 0.164775 0.088536 0.186928 0.079033 0.134554 0.156322 0.064454 0.135037 0.208041 0.042545 0.058781 0.031458 0.041331 0.227327 0.153773 0.065194 0.138571 0.158235 0.176843 0.246327 0.164378 0.149115 0.116318 0.209816 0.055243 0.041988 0.193823 0.255709 0.107384 0.078256 0.063349 0.175259 0.166422 
0.018185 0.085667 0.112196 0.031970 0.142236 0.058922 0.094648 0.039520 0.110872 0.043369 0.034066 0.049492 0.099040 0.230485 0.124589 0.120270 0.149777 0.111159 0.185559 0.224007 0.204162 0.221913 0.151843 0.177519 0.191040 0.223572 0.220126 0.125958 0.067566 0.240447 0.230561 0.166600 0.076430 1.000000 0.174179 0.210101 0.119119 0.127059 0.163528 0.113464 0.070710 0.221684 0.107286 0.126594 0.150063 0.245502 0.094751 0.108983 0.154452 0.137031 0.070428 0.112609 0.092774 0.113364 0.091036 0.181737 0.125349 0.172512 0.131154 0.146613 0.135517 0.123684 0.113548 0.095396 0.106195 0.061926 0.062332 0.105115 0.131456 0.125039 0.054119 0.162229 0.060405 0.157474 
0.138750 0.091730 0.123736 0.144911 0.130894 0.084519 0.010869 0.140982 0.123377 0.079171 0.125873 0.134138 0.099486 0.180232 0.071520 0.118910 0.225200 0.154955 0.161123 0.209333 0.221846 0.173714 0.164706 0.176893 0.198329 0.210921 0.217376 0.182832 0.090929 0.198479 0.193021 0.155514 0.199270 0.174179 1.000000 0.160489 0.177838 0.098977 0.204452 0.159678 0.070953 0.238982 0.060825 0.137163 0.138869 0.198556 0.165773 0.110742 0.148610 0.221499 0.051537 0.041810 0.014307 0.074879 0.100761 0.192544 0.110400 0.165750 0.158597 0.173557 0.173226 0.168593 0.157234 0.091720 0.126217 0.127059 0.042407 0.067545 0.165444 0.065559 0.051232 0.112474 0.221718 0.135755 
0.050262 0.094904 0.096017 0.079507 0.145781 0.089265 0.025397 0.066187 0.107867 0.081303 0.066042 0.105373 0.103610 0.181486 0.118667 0.112987 0.107535 0.138023 0.153860 0.216299 0.179857 0.191213 0.166822 0.186357 0.202576 0.187805 0.221977 0.138924 0.106817 0.188848 0.176609 0.178266 0.093423 0.210101 0.160489 1.000000 0.137196 0.104812 0.121659 0.131285 0.077909 0.200172 0.107419 0.139059 0.141974 0.226426 0.124342 0.098889 0.144618 0.162940 0.068601 0.102717 0.079749 0.097726 0.105956 0.151827 0.117193 0.165305 0.145486 0.158556 0.150041 0.146094 0.128103 0.105161 0.139213 0.067689 0.064273 0.111134 0.160191 0.127791 0.063369 0.150399 0.119382 0.189325 
0.236995 0.073220 0.177912 0.234284 0.202696 0.103323 0.016270 0.217046 0.191717 0.178985 0.182830 0.170815 0.119654 0.164015 0.163589 0.131033 0.246169 0.243427 0.222073 0.219614 0.226141 0.159366 0.166896 0.182900 0.191747 0.205370 0.224064 0.221258 0.248321 0.184237 0.168933 0.148704 0.186427 0.119119 0.177838 0.137196 1.000000 0.077420 0.208983 0.165082 0.148032 0.240596 0.148688 0.148267 0.126612 0.179307 0.350418 0.124521 0.284167 0.475615 0.072730 0.050286 0.026606 0.070852 0.220701 0.342873 0.138435 0.375076 0.308470 0.331354 0.327563 0.315761 0.197054 0.186010 0.272211 0.169296 0.067330 0.163161 0.301983 0.162276 0.121155 0.135043 0.418481 0.189075 
0.030736 0.048271 0.072771 0.032258 0.073913 0.036309 0.021236 0.037674 0.072188 0.035385 0.025221 0.028179 0.058304 0.090637 0.056408 0.065502 0.098877 0.064122 0.093865 0.121296 0.117109 0.112313 0.058213 0.081482 0.081381 0.125491 0.109183 0.078477 0.042354 0.123364 0.097614 0.075423 0.037997 0.127059 0.098977 0.104812 0.077420 1.000000 0.107042 0.051847 0.040669 0.122208 0.049824 0.045684 0.080576 0.117624 0.067133 0.063115 0.083229 0.105789 0.033452 0.032936 0.025884 0.055606 0.054804 0.091753 0.065922 0.099839 0.082155 0.100731 0.077130 0.074981 0.063444 0.052940 0.061389 0.039906 0.027311 0.047039 0.068143 0.057205 0.030127 0.044210 0.077396 0.048722 
0.185251 0.091949 0.202552 0.133033 0.092084 0.055506 0.003077 0.163884 0.174473 0.098771 0.106647 0.087795 0.101615 0.127797 0.018049 0.123064 0.485029 0.131593 0.209081 0.260415 0.238676 0.157696 0.055760 0.077305 0.072434 0.258545 0.134637 0.228778 0.067593 0.262020 0.179742 0.045970 0.075807 0.163528 0.204452 0.121659 0.208983 0.107042 1.000000 0.086858 0.053341 0.274049 0.000023 0.036466 0.113560 0.120288 0.169445 0.143693 0.167745 0.300285 0.032791 0.060755 0.063739 0.062607 0.058737 0.243745 0.175846 0.194102 0.176360 0.186029 0.146773 0.148189 0.146269 0.069747 0.070275 0.149704 0.014330 0.015842 0.106320 0.013135 0.027985 0.118017 0.332387 0.037193 
0.094133 0.033992 0.035876 0.148595 0.099532 0.057461 0.010398 0.096343 0.060632 0.070196 0.132138 0.180016 0.048677 0.336213 0.052686 0.095044 0.097683 0.098993 0.139658 0.182075 0.238437 0.097367 0.357875 0.281364 0.385889 0.163548 0.283251 0.146033 0.110518 0.131262 0.268481 0.260104 0.179290 0.113464 0.159678 0.131285 0.165082 0.051847 0.086858 1.000000 0.079008 0.247033 0.052910 0.354042 0.124052 0.205726 0.140525 0.082811 0.093203 0.180697 0.040008 0.093226 0.029823 0.046036 0.139793 0.129282 0.081968 0.097659 0.115264 0.148924 0.178857 0.155746 0.329073 0.087231 0.138722 0.072771 0.042664 0.103457 0.267438 0.061700 0.060103 0.052320 0.203155 0.224569 
0.061949 0.041298 0.073960 0.084716 0.104043 0.054626 0.020953 0.064903 0.084907 0.064170 0.064360 0.087628 0.066174 0.085798 0.106244 0.058767 0.055062 0.115382 0.061315 0.099066 0.117022 0.077034 0.102055 0.105507 0.112314 0.079953 0.122962 0.073830 0.118823 0.086475 0.078257 0.097981 0.098114 0.070710 0.070953 0.077909 0.148032 0.040669 0.053341 0.079008 1.000000 0.109259 0.118646 0.092451 0.058075 0.107259 0.130705 0.050300 0.137054 0.162922 0.040094 0.052463 0.043558 0.040505 0.143155 0.138430 0.060625 0.138511 0.193423 0.149396 0.158624 0.132462 0.079088 0.725978 0.148515 0.042329 0.038601 0.127794 0.168324 0.119433 0.824224 0.072104 0.114972 0.115472 
0.134321 0.131538 0.141997 0.174522 0.137169 0.105628 0.004242 0.145979 0.142147 0.110941 0.150894 0.197477 0.123609 0.283361 0.067688 0.148284 0.288437 0.198291 0.243384 0.257416 0.518285 0.207329 0.281645 0.243319 0.316014 0.296906 0.293080 0.197971 0.124446 0.266426 0.303057 0.227935 0.164775 0.221684 0.238982 0.200172 0.240596 0.122208 0.274049 0.247033 0.109259 1.000000 0.055011 0.262830 0.158914 0.259004 0.171716 0.138862 0.171091 0.276284 0.057338 0.038482 0.000210 0.088049 0.267528 0.224632 0.130018 0.210464 0.192354 0.213645 0.207578 0.187808 0.214206 0.126328 0.161826 0.123051 0.044964 0.152208 0.252118 0.062633 0.073705 0.136716 0.261438 0.203173 
0.042037 0.054438 0.061240 0.060703 0.152014 0.073615 0.059193 0.051662 0.086412 0.043777 0.048153 0.063311 0.088105 0.093861 0.208547 0.059235 0.006787 0.145746 0.050558 0.111990 0.057772 0.108185 0.083908 0.134567 0.111509 0.072829 0.146124 0.074937 0.128600 0.074021 0.054682 0.120934 0.088536 0.107286 0.060825 0.107419 0.148688 0.049824 0.000023 0.052910 0.118646 0.055011 1.000000 0.069504 0.076889 0.145387 0.168857 0.042283 0.179348 0.160630 0.063737 0.135523 0.121620 0.058516 0.136379 0.155543 0.079399 0.174111 0.176656 0.176148 0.191882 0.183824 0.055165 0.151928 0.174483 0.038821 0.068631 0.193997 0.184141 0.227394 0.116648 0.128442 0.068905 0.169615 
0.061766 0.031434 0.023166 0.132954 0.105025 0.062389 0.014599 0.070679 0.055668 0.059058 0.115344 0.197345 0.055927 0.347236 0.064486 0.089656 0.035068 0.089335 0.119097 0.174420 0.265574 0.100251 0.781197 0.375860 0.496851 0.147155 0.337364 0.131068 0.107836 0.124065 0.266065 0.355201 0.186928 0.126594 0.137163 0.139059 0.148267 0.045684 0.036466 0.354042 0.092451 0.262830 0.069504 1.000000 0.109108 0.250041 0.107998 0.057687 0.082296 0.144168 0.044699 0.158454 0.054156 0.048923 0.164548 0.102091 0.064358 0.085615 0.106164 0.133402 0.169353 0.139010 0.200296 0.098747 0.141882 0.046148 0.048579 0.145244 0.338915 0.083310 0.073318 0.058268 0.140078 0.249649 
0.108686 0.040135 0.072534 0.111825 0.121435 0.060006 0.019807 0.098821 0.091826 0.074174 0.082310 0.086257 0.067330 0.142409 0.082423 0.079646 0.117434 0.099854 0.120656 0.163370 0.140112 0.135375 0.127296 0.154347 0.162123 0.153884 0.176786 0.132963 0.087686 0.123804 0.140351 0.133539 0.079033 0.150063 0.138869 0.141974 0.126612 0.080576 0.113560 0.124052 0.058075 0.158914 0.076889 0.109108 1.000000 0.167267 0.141525 0.075266 0.115643 0.153160 0.048444 0.074424 0.051386 0.065042 0.084193 0.132931 0.084168 0.112681 0.115153 0.135119 0.131576 0.120077 0.109314 0.078844 0.104154 0.069383 0.045772 0.078242 0.129726 0.086554 0.048303 0.089167 0.150940 0.123584 
0.114008 0.166654 0.103951 0.175028 0.195677 0.170213 0.014762 0.142458 0.134450 0.101788 0.164424 0.209024 0.171583 0.258538 0.149640 0.130750 0.117585 0.246549 0.171396 0.261225 0.266466 0.216041 0.281223 0.324477 0.309188 0.228428 0.363582 0.184161 0.151188 0.223820 0.222915 0.307099 0.134554 0.245502 0.198556 0.226426 0.179307 0.117624 0.120288 0.205726 0.107259 0.259004 0.145387 0.250041 0.167267 1.000000 0.157503 0.104544 0.180241 0.200903 0.085272 0.153817 0.120230 0.100831 0.154609 0.188040 0.129600 0.189845 0.180301 0.205745 0.205421 0.195121 0.163175 0.139070 0.194671 0.097740 0.085275 0.163586 0.255880 0.168471 0.088377 0.172481 0.148696 0.284136 
0.257802 0.048346 0.118094 0.216428 0.184481 0.094944 0.016244 0.223444 0.144799 0.169465 0.176402 0.122494 0.095430 0.141378 0.180591 0.099839 0.205283 0.242605 0.113442 0.204963 0.153594 0.121267 0.123145 0.176555 0.159969 0.186974 0.203825 0.242697 0.239403 0.110148 0.122463 0.135185 0.156322 0.094751 0.165773 0.124342 0.350418 0.067133 0.169445 0.140525 0.130705 0.171716 0.168857 0.107998 0.141525 0.157503 1.000000 0.091704 0.268941 0.450177 0.069819 0.070512 0.051245 0.058150 0.193051 0.330233 0.133567 0.235247 0.285498 0.315225 0.313729 0.334312 0.161833 0.173943 0.255701 0.191716 0.069736 0.161706 0.288350 0.189369 0.119256 0.123258 0.447598 0.188858 
0.073705 0.060296 0.106263 0.080024 0.093069 0.053423 0.025657 0.072160 0.102547 0.070630 0.054495 0.075247 0.073856 0.091975 0.055304 0.140896 0.154008 0.086812 0.097741 0.117776 0.126578 0.110637 0.073203 0.073779 0.091447 0.116145 0.106084 0.090075 0.075168 0.152987 0.111541 0.065670 0.064454 0.108983 0.110742 0.098889 0.124521 0.063115 0.143693 0.082811 0.050300 0.138862 0.042283 0.057687 0.075266 0.104544 0.091704 1.000000 0.112150 0.148466 0.039818 0.018117 0.014777 0.119607 0.064693 0.131182 0.081951 0.133611 0.111434 0.125685 0.109352 0.090496 0.176058 0.066539 0.087274 0.099103 0.030567 0.042533 0.093132 0.047498 0.035197 0.073960 0.134377 0.073120 
0.159155 0.099179 0.188205 0.164421 0.197770 0.109458 0.045399 0.156569 0.196290 0.129018 0.118924 0.139887 0.146345 0.112264 0.193559 0.115863 0.183165 0.246558 0.114845 0.187767 0.162991 0.159490 0.106553 0.150068 0.132380 0.160247 0.191972 0.161694 0.203347 0.187866 0.121331 0.122135 0.135037 0.154452 0.148610 0.144618 0.284167 0.083229 0.167745 0.093203 0.137054 0.171091 0.179348 0.082296 0.115643 0.180241 0.268941 0.112150 1.000000 0.340019 0.074919 0.070826 0.059301 0.084205 0.175748 0.334252 0.125946 0.280140 0.273832 0.304871 0.286968 0.248363 0.133372 0.189244 0.246402 0.110017 0.067905 0.166662 0.241585 0.216184 0.117937 0.168938 0.258814 0.155503 
0.359181 0.090494 0.198940 0.297606 0.240904 0.140784 0.014145 0.318184 0.202912 0.202068 0.250517 0.177676 0.138711 0.188701 0.185849 0.157845 0.347340 0.312748 0.196320 0.294171 0.255014 0.173294 0.166235 0.201947 0.199493 0.301374 0.260316 0.313332 0.275435 0.205450 0.185271 0.154798 0.208041 0.137031 0.221499 0.162940 0.475615 0.105789 0.300285 0.180697 0.162922 0.276284 0.160630 0.144168 0.153160 0.200903 0.450177 0.148466 0.340019 1.000000 0.084913 0.036970 0.021095 0.086136 0.242434 0.431547 0.188686 0.349996 0.376452 0.403547 0.375330 0.423605 0.226584 0.215147 0.291886 0.262522 0.076530 0.163870 0.346053 0.183365 0.133880 0.154702 0.587743 0.225078 
0.037263 0.036965 0.048132 0.048463 0.083147 0.045133 0.023368 0.040912 0.053508 0.036766 0.036893 0.046005 0.050151 0.061333 0.065499 0.048216 0.033989 0.066049 0.049237 0.075645 0.057527 0.067547 0.054223 0.073529 0.067773 0.059961 0.087030 0.052496 0.057638 0.067958 0.046863 0.066965 0.042545 0.070428 0.051537 0.068601 0.072730 0.033452 0.032791 0.040008 0.040094 0.057338 0.063737 0.044699 0.048444 0.085272 0.069819 0.039818 0.074919 0.084913 1.000000 0.053072 0.051235 0.040593 0.054479 0.073783 0.050283 0.078495 0.077739 0.079689 0.077931 0.082792 0.049236 0.054911 0.070489 0.036211 0.090601 0.062312 0.076082 0.075846 0.036077 0.055565 0.062980 0.086666 
0.027120 0.018166 0.006456 0.007283 0.125378 0.026032 0.080268 0.011012 0.030931 0.001252 0.022667 0.018203 0.054205 0.136188 0.130354 0.038896 0.071772 0.049336 0.028176 0.080539 0.036386 0.097896 0.184895 0.199253 0.216621 0.041753 0.163435 0.057743 0.049689 0.049697 0.087566 0.180733 0.058781 0.112609 0.041810 0.102717 0.050286 0.032936 0.060755 0.093226 0.052463 0.038482 0.135523 0.158454 0.074424 0.153817 0.070512 0.018117 0.070826 0.036970 0.053072 1.000000 0.226859 0.050632 0.084968 0.036808 0.110996 0.054451 0.062245 0.071452 0.103706 0.088131 0.052318 0.075231 0.080305 0.011204 0.066315 0.147061 0.139854 0.158062 0.059579 0.132023 0.028818 0.190750 
0.020665 0.040712 0.023371 0.003526 0.110572 0.054378 0.071162 0.008157 0.006125 0.001046 0.006103 0.016931 0.050741 0.068501 0.118106 0.031679 0.074739 0.055120 0.017312 0.062583 0.007533 0.080021 0.063524 0.112464 0.090589 0.027525 0.105409 0.029538 0.045969 0.039044 0.022210 0.111816 0.031458 0.092774 0.014307 0.079749 0.026606 0.025884 0.063739 0.029823 0.043558 0.000210 0.121620 0.054156 0.051386 0.120230 0.051245 0.014777 0.059301 0.021095 0.051235 0.226859 1.000000 0.049586 0.066050 0.025992 0.111303 0.050223 0.049384 0.054216 0.069625 0.070545 0.019661 0.064007 0.066237 0.011662 0.060826 0.123180 0.082269 0.138549 0.049136 0.072336 0.045873 0.159403 
0.025817 0.042491 0.054650 0.030199 0.086101 0.041135 0.041640 0.032116 0.057854 0.037901 0.025100 0.032022 0.052428 0.081225 0.070175 0.113701 0.060488 0.061659 0.071652 0.102986 0.079926 0.099063 0.060649 0.068167 0.079929 0.089019 0.090461 0.062431 0.051544 0.108132 0.078279 0.065215 0.041331 0.113364 0.074879 0.097726 0.070852 0.055606 0.062607 0.046036 0.040505 0.088049 0.058516 0.048923 0.065042 0.100831 0.058150 0.119607 0.084205 0.086136 0.040593 0.050632 0.049586 1.000000 0.054811 0.083831 0.065734 0.100377 0.077346 0.084556 0.076085 0.073562 0.115794 0.054385 0.067051 0.069172 0.037013 0.059376 0.068176 0.066648 0.030604 0.062358 0.050706 0.079874 
0.086447 0.042525 0.064232 0.113840 0.132527 0.064924 0.027061 0.088603 0.087082 0.092982 0.095691 0.115042 0.067771 0.144916 0.142604 0.084079 0.060889 0.150902 0.089700 0.146216 0.313515 0.110908 0.181267 0.165521 0.205477 0.115269 0.186731 0.109998 0.169581 0.110422 0.123238 0.169768 0.227327 0.091036 0.100761 0.105956 0.220701 0.054804 0.058737 0.139793 0.143155 0.267528 0.136379 0.164548 0.084193 0.154609 0.193051 0.064693 0.175748 0.242434 0.054479 0.084968 0.066050 0.054811 1.000000 0.180823 0.080548 0.177210 0.214707 0.201531 0.230471 0.206356 0.124423 0.166194 0.208514 0.071929 0.056480 0.502563 0.271642 0.154658 0.122085 0.080521 0.186538 0.188606 
0.258879 0.106842 0.203446 0.232874 0.213031 0.129496 0.021675 0.246811 0.207931 0.143609 0.194231 0.171907 0.148669 0.147790 0.170406 0.136442 0.274909 0.282521 0.144308 0.238443 0.210360 0.163170 0.129215 0.168822 0.157702 0.217326 0.220433 0.238616 0.202288 0.204828 0.153190 0.132090 0.153773 0.181737 0.192544 0.151827 0.342873 0.091753 0.243745 0.129282 0.138430 0.224632 0.155543 0.102091 0.132931 0.188040 0.330233 0.131182 0.334252 0.431547 0.073783 0.036808 0.025992 0.083831 0.180823 1.000000 0.157770 0.300900 0.309119 0.336006 0.304372 0.315109 0.174849 0.181967 0.232537 0.181930 0.063506 0.141839 0.272530 0.168416 0.112131 0.173144 0.414282 0.176576 
0.094978 0.063222 0.088350 0.079963 0.131902 0.061832 0.047405 0.090940 0.094346 0.051118 0.073451 0.062869 0.077360 0.112967 0.088854 0.086737 0.135954 0.113392 0.097215 0.177875 0.120972 0.122389 0.080913 0.108896 0.108780 0.138667 0.138717 0.141893 0.067206 0.137379 0.110910 0.092186 0.065194 0.125349 0.110400 0.117193 0.138435 0.065922 0.175846 0.081968 0.060625 0.130018 0.079399 0.064358 0.084168 0.129600 0.133567 0.081951 0.125946 0.188686 0.050283 0.110996 0.111303 0.065734 0.080548 0.157770 1.000000 0.141060 0.131759 0.139460 0.130528 0.148636 0.103672 0.081860 0.088259 0.098218 0.047639 0.073622 0.118237 0.088021 0.049008 0.100963 0.169316 0.128324 
0.123148 0.112909 0.217629 0.148794 0.207898 0.105465 0.064032 0.128466 0.208519 0.104018 0.101909 0.148966 0.150029 0.141108 0.199747 0.141628 0.206213 0.222248 0.294422 0.214074 0.203138 0.211908 0.116703 0.139654 0.142960 0.186215 0.195094 0.150603 0.168359 0.246192 0.153824 0.119685 0.138571 0.172512 0.165750 0.165305 0.375076 0.099839 0.194102 0.097659 0.138511 0.210464 0.174111 0.085615 0.112681 0.189845 0.235247 0.133611 0.280140 0.349996 0.078495 0.054451 0.050223 0.100377 0.177210 0.300900 0.141060 1.000000 0.284397 0.290601 0.275887 0.246433 0.151097 0.182925 0.222900 0.101787 0.066855 0.165607 0.230338 0.193860 0.109826 0.186751 0.252477 0.164162 
0.190390 0.091246 0.176084 0.194744 0.205093 0.110717 0.031540 0.180211 0.187830 0.131782 0.148658 0.158372 0.132972 0.145944 0.182171 0.124657 0.193069 0.235110 0.132288 0.208405 0.185267 0.153855 0.130769 0.163094 0.157934 0.179484 0.208119 0.182902 0.202220 0.181568 0.134638 0.136478 0.158235 0.131154 0.158597 0.145486 0.308470 0.082155 0.176360 0.115264 0.193423 0.192354 0.176656 0.106164 0.115153 0.180301 0.285498 0.111434 0.273832 0.376452 0.077739 0.062245 0.049384 0.077346 0.214707 0.309119 0.131759 0.284397 1.000000 0.292467 0.284301 0.284367 0.150540 0.230361 0.239619 0.129565 0.070485 0.179689 0.268651 0.191148 0.173233 0.164998 0.336647 0.193165 
