1.000000 0.015327 0.043974 0.696601 0.316470 0.020892 0.731885 0.094117 0.072270 0.491787 0.160917 0.037292 0.300362 
0.015327 1.000000 0.030242 0.041790 0.299355 0.012514 0.062481 0.081821 0.004134 0.058462 0.119529 0.196525 0.013868 
0.043974 0.030242 1.000000 0.053273 0.038504 0.081552 0.040890 0.437272 0.010161 0.010064 0.028013 0.175722 0.066636 
0.696601 0.041790 0.053273 1.000000 0.315985 0.003054 0.578132 0.186603 0.105777 0.529689 0.502318 0.058318 0.369312 
0.316470 0.299355 0.038504 0.315985 1.000000 0.006007 0.308475 0.078548 0.017676 0.230594 0.259312 0.224865 0.079872 
0.020892 0.012514 0.081552 0.003054 0.006007 1.000000 0.022412 0.169321 0.005137 0.004442 0.003043 0.071472 0.016919 
0.731885 0.062481 0.040890 0.578132 0.308475 0.022412 1.000000 0.118768 0.059135 0.720649 0.274507 0.062815 0.213177 
0.094117 0.081821 0.437272 0.186603 0.078548 0.169321 0.118768 1.000000 0.068839 0.077833 0.244821 0.220807 0.192137 
0.072270 0.004134 0.010161 0.105777 0.017676 0.005137 0.059135 0.068839 1.000000 0.048273 0.072151 0.017202 0.249476 
0.491787 0.058462 0.010064 0.529689 0.230594 0.004442 0.720649 0.077833 0.048273 1.000000 0.450677 0.024188 0.202985 
0.160917 0.119529 0.028013 0.502318 0.259312 0.003043 0.274507 0.244821 0.072151 0.450677 1.000000 0.094191 0.264963 
0.037292 0.196525 0.175722 0.058318 0.224865 0.071472 0.062815 0.220807 0.017202 0.024188 0.094191 1.000000 0.046311 
0.300362 0.013868 0.066636 0.369312 0.079872 0.016919 0.213177 0.192137 0.249476 0.202985 0.264963 0.046311 1.000000 
