1.000000 0.045805 0.006194 0.698635 0.629715 0.225945 0.030116 0.693506 0.057390 0.089432 0.441865 0.209664 0.071010 0.307657 
0.045805 1.000000 0.079624 0.059513 0.026443 0.281768 0.091985 0.075936 0.011744 0.049137 0.063437 0.158327 0.219368 0.014403 
0.006194 0.079624 1.000000 0.026165 0.083526 0.119731 0.234608 0.032545 0.282901 0.036126 0.083978 0.022305 0.000564 0.094562 
0.698635 0.059513 0.026165 1.000000 0.581134 0.255994 0.005340 0.650809 0.075922 0.120529 0.536248 0.441230 0.137480 0.267062 
0.629715 0.026443 0.083526 0.581134 1.000000 0.082187 0.097985 0.495163 0.122609 0.145825 0.389768 0.324431 0.061373 0.364416 
0.225945 0.281768 0.119731 0.255994 0.082187 1.000000 0.029155 0.206768 0.009872 0.040818 0.136609 0.225267 0.374692 0.022044 
0.030116 0.091985 0.234608 0.005340 0.097985 0.029155 1.000000 0.007740 0.116281 0.038764 0.021693 0.040400 0.067212 0.024650 
0.693506 0.075936 0.032545 0.650809 0.495163 0.206768 0.007740 1.000000 0.031414 0.089426 0.771829 0.376889 0.102422 0.218081 
0.057390 0.011744 0.282901 0.075922 0.122609 0.009872 0.116281 0.031414 1.000000 0.046101 0.001529 0.059054 0.049787 0.085331 
0.089432 0.049137 0.036126 0.120529 0.145825 0.040818 0.038764 0.089426 0.046101 1.000000 0.072119 0.113123 0.050246 0.268160 
0.441865 0.063437 0.083978 0.536248 0.389768 0.136609 0.021693 0.771829 0.001529 0.072119 1.000000 0.501594 0.096955 0.194401 
0.209664 0.158327 0.022305 0.441230 0.324431 0.225267 0.040400 0.376889 0.059054 0.113123 0.501594 1.000000 0.207246 0.170737 
0.071010 0.219368 0.000564 0.137480 0.061373 0.374692 0.067212 0.102422 0.049787 0.050246 0.096955 0.207246 1.000000 0.019445 
0.307657 0.014403 0.094562 0.267062 0.364416 0.022044 0.024650 0.218081 0.085331 0.268160 0.194401 0.170737 0.019445 1.000000 
