1.000000 0.015709 0.034150 0.487684 0.560541 0.194097 0.009864 0.615884 0.030193 0.054300 0.405592 0.128164 0.029101 0.366458 
0.015709 1.000000 0.034667 0.142300 0.058244 0.373263 0.106128 0.114119 0.162548 0.034448 0.106703 0.226117 0.240012 0.000768 
0.034150 0.034667 1.000000 0.029125 0.132070 0.026195 0.180124 0.032506 0.264867 0.024612 0.002538 0.019575 0.171778 0.041482 
0.487684 0.142300 0.029125 1.000000 0.518825 0.310782 0.025234 0.563981 0.150569 0.093030 0.531639 0.502284 0.125637 0.229289 
0.560541 0.058244 0.132070 0.518825 1.000000 0.069768 0.125422 0.433136 0.184177 0.116930 0.379755 0.343598 0.092562 0.327728 
0.194097 0.373263 0.026195 0.310782 0.069768 1.000000 0.056456 0.230432 0.088427 0.024058 0.154630 0.242453 0.301393 0.036958 
0.009864 0.106128 0.180124 0.025234 0.125422 0.056456 1.000000 0.025805 0.215427 0.018112 0.013415 0.046090 0.150036 0.001731 
0.615884 0.114119 0.032506 0.563981 0.433136 0.230432 0.025805 1.000000 0.111590 0.092907 0.663967 0.278518 0.086750 0.220358 
0.030193 0.162548 0.264867 0.150569 0.184177 0.088427 0.215427 0.111590 1.000000 0.072144 0.067268 0.151067 0.209673 0.024875 
0.054300 0.034448 0.024612 0.093030 0.116930 0.024058 0.018112 0.092907 0.072144 1.000000 0.050495 0.078914 0.045175 0.177873 
0.405592 0.106703 0.002538 0.531639 0.379755 0.154630 0.013415 0.663967 0.067268 0.050495 1.000000 0.455887 0.066265 0.215159 
0.128164 0.226117 0.019575 0.502284 0.343598 0.242453 0.046090 0.278518 0.151067 0.078914 0.455887 1.000000 0.160691 0.151880 
0.029101 0.240012 0.171778 0.125637 0.092562 0.301393 0.150036 0.086750 0.209673 0.045175 0.066265 0.160691 1.000000 0.040979 
0.366458 0.000768 0.041482 0.229289 0.327728 0.036958 0.001731 0.220358 0.024875 0.177873 0.215159 0.151880 0.040979 1.000000 
