1.000000 0.020296 0.012669 0.715700 0.416123 0.265185 0.000745 0.753276 0.068053 0.050413 0.456089 0.227776 0.025240 0.177988 0.020255 0.169124 0.041005 0.092092 0.085309 0.068106 0.077069 0.189181 0.270074 0.180312 
0.020296 1.000000 0.070854 0.051622 0.006802 0.309476 0.008868 0.036553 0.008895 0.005937 0.065171 0.115418 0.220441 0.199628 0.192611 0.095603 0.041511 0.045450 0.020522 0.012901 0.241504 0.007543 0.029207 0.117428 
0.012669 0.070854 1.000000 0.010093 0.114793 0.076544 0.016933 0.006881 0.501428 0.001755 0.042486 0.015805 0.105738 0.050913 0.094227 0.016199 0.028357 0.046866 0.004005 0.012861 0.064840 0.015066 0.043585 0.004059 
0.715700 0.051622 0.010093 1.000000 0.496184 0.302612 0.035946 0.593925 0.098767 0.060113 0.554850 0.580261 0.053225 0.176525 0.076846 0.143968 0.129372 0.091993 0.188028 0.158809 0.143589 0.237278 0.254645 0.285589 
0.416123 0.006802 0.114793 0.496184 1.000000 0.026148 0.009433 0.409220 0.186099 0.087556 0.349115 0.388821 0.031829 0.162251 0.126549 0.128597 0.104004 0.151217 0.142316 0.120127 0.140954 0.195154 0.296014 0.251665 
0.265185 0.309476 0.076544 0.302612 0.026148 1.000000 0.040408 0.215254 0.008708 0.006726 0.180469 0.273740 0.307223 0.161412 0.181618 0.109871 0.034064 0.047446 0.030365 0.014852 0.227228 0.039076 0.039181 0.150244 
0.000745 0.008868 0.016933 0.035946 0.009433 0.040408 1.000000 0.038194 0.053719 0.017659 0.045653 0.050210 0.091652 0.060134 0.044019 0.040256 0.056991 0.064345 0.026324 0.048815 0.389173 0.030698 0.047925 0.056888 
0.753276 0.036553 0.006881 0.593925 0.409220 0.215254 0.038194 1.000000 0.039177 0.054618 0.730505 0.315216 0.011448 0.233352 0.029309 0.235353 0.061190 0.105990 0.118127 0.090186 0.129090 0.240518 0.308781 0.213029 
0.068053 0.008895 0.501428 0.098767 0.186099 0.008708 0.053719 0.039177 1.000000 0.048492 0.013909 0.088149 0.094690 0.084497 0.093167 0.037533 0.036848 0.064402 0.036930 0.029888 0.048234 0.025177 0.149385 0.058247 
0.050413 0.005937 0.001755 0.060113 0.087556 0.006726 0.017659 0.054618 0.048492 1.000000 0.039677 0.042069 0.005179 0.034234 0.004879 0.034469 0.021724 0.078004 0.044242 0.038264 0.041796 0.140532 0.253195 0.187427 
0.456089 0.065171 0.042486 0.554850 0.349115 0.180469 0.045653 0.730505 0.013909 0.039677 1.000000 0.573628 0.001299 0.217017 0.049502 0.211134 0.118462 0.096339 0.182389 0.156229 0.155641 0.279524 0.248542 0.273545 
0.227776 0.115418 0.015805 0.580261 0.388821 0.273740 0.050210 0.315216 0.088149 0.042069 0.573628 1.000000 0.067655 0.157903 0.142646 0.105729 0.142075 0.082361 0.202527 0.172072 0.214759 0.189115 0.171128 0.303619 
0.025240 0.220441 0.105738 0.053225 0.031829 0.307223 0.091652 0.011448 0.094690 0.005179 0.001299 0.067655 1.000000 0.138878 0.211918 0.069322 0.069659 0.044037 0.053990 0.047083 0.056094 0.013527 0.035652 0.083018 
0.177988 0.199628 0.050913 0.176525 0.162251 0.161412 0.060134 0.233352 0.084497 0.034234 0.217017 0.157903 0.138878 1.000000 0.143435 0.186748 0.087657 0.094176 0.103840 0.093873 0.113669 0.139666 0.136009 0.155986 
0.020255 0.192611 0.094227 0.076846 0.126549 0.181618 0.044019 0.029309 0.093167 0.004879 0.049502 0.142646 0.211918 0.143435 1.000000 0.063986 0.068248 0.057292 0.058498 0.055213 0.112646 0.000402 0.014461 0.102291 
0.169124 0.095603 0.016199 0.143968 0.128597 0.109871 0.040256 0.235353 0.037533 0.034469 0.211134 0.105729 0.069322 0.186748 0.063986 1.000000 0.114952 0.151201 0.088798 0.071969 0.085933 0.157340 0.165389 0.158001 
0.041005 0.041511 0.028357 0.129372 0.104004 0.034064 0.056991 0.061190 0.036848 0.021724 0.118462 0.142075 0.069659 0.087657 0.068248 0.114952 1.000000 0.117958 0.416260 0.249090 0.026993 0.197594 0.102859 0.238599 
0.092092 0.045450 0.046866 0.091993 0.151217 0.047446 0.064345 0.105990 0.064402 0.078004 0.096339 0.082361 0.044037 0.094176 0.057292 0.151201 0.117958 1.000000 0.080940 0.064229 0.073742 0.158782 0.205999 0.147991 
0.085309 0.020522 0.004005 0.188028 0.142316 0.030365 0.026324 0.118127 0.036930 0.044242 0.182389 0.202527 0.053990 0.103840 0.058498 0.088798 0.416260 0.080940 1.000000 0.378162 0.006141 0.245453 0.186422 0.285467 
0.068106 0.012901 0.012861 0.158809 0.120127 0.014852 0.048815 0.090186 0.029888 0.038264 0.156229 0.172072 0.047083 0.093873 0.055213 0.071969 0.249090 0.064229 0.378162 1.000000 0.022231 0.207656 0.100616 0.216639 
0.077069 0.241504 0.064840 0.143589 0.140954 0.227228 0.389173 0.129090 0.048234 0.041796 0.155641 0.214759 0.056094 0.113669 0.112646 0.085933 0.026993 0.073742 0.006141 0.022231 1.000000 0.088066 0.161456 0.217100 
0.189181 0.007543 0.015066 0.237278 0.195154 0.039076 0.030698 0.240518 0.025177 0.140532 0.279524 0.189115 0.013527 0.139666 0.000402 0.157340 0.197594 0.158782 0.245453 0.207656 0.088066 1.000000 0.461107 0.379439 
0.270074 0.029207 0.043585 0.254645 0.296014 0.039181 0.047925 0.308781 0.149385 0.253195 0.248542 0.171128 0.035652 0.136009 0.014461 0.165389 0.102859 0.205999 0.186422 0.100616 0.161456 0.461107 1.000000 0.314395 
0.180312 0.117428 0.004059 0.285589 0.251665 0.150244 0.056888 0.213029 0.058247 0.187427 0.273545 0.303619 0.083018 0.155986 0.102291 0.158001 0.238599 0.147991 0.285467 0.216639 0.217100 0.379439 0.314395 1.000000 
