1.000000 0.101114 0.026280 0.861745 0.539562 0.505777 0.045389 0.817424 0.110060 0.079609 0.690366 0.276546 0.140524 0.552273 0.404872 0.385632 0.256513 0.374845 0.444848 0.109685 0.147040 0.131661 0.563285 0.427717 0.084891 0.270630 0.356781 0.223708 0.210383 0.139389 0.048071 0.010874 0.222758 0.307516 0.085116 0.111298 0.147218 0.216692 0.383921 0.192357 0.165508 0.006085 0.135414 0.284384 0.253789 0.150132 0.117930 0.072957 0.151164 0.115366 0.253166 0.262970 0.165298 0.096612 0.155474 0.214804 0.305184 0.110415 0.017692 0.225289 0.043389 0.025354 0.276017 0.171457 0.154490 0.114250 0.092066 0.047673 0.236731 0.094472 0.009192 0.267229 0.216503 0.276208 0.047675 0.287913 0.117439 0.125609 0.068170 0.074586 0.118802 0.118145 0.034749 0.018996 0.292901 0.138264 0.225525 0.151292 0.196078 0.121695 0.246295 0.159259 0.077841 0.222482 0.026673 0.041965 0.107552 0.099656 0.045394 0.126910 0.184468 0.050667 0.349796 0.215118 0.127446 0.152614 0.066139 0.051215 0.070280 0.069024 0.045080 0.011166 0.185715 0.233710 0.060657 0.102274 0.031989 0.058729 0.078430 0.113506 0.061810 0.197688 0.140037 0.007142 0.304342 0.095063 
0.101114 1.000000 0.014614 0.094020 0.050212 0.297990 0.114289 0.102408 0.102469 0.021052 0.122943 0.219896 0.251338 0.102740 0.137220 0.290629 0.128191 0.087075 0.085478 0.247998 0.182202 0.126125 0.020097 0.125347 0.076850 0.258634 0.040235 0.091485 0.337629 0.062674 0.080328 0.058665 0.032982 0.187100 0.140082 0.129680 0.052573 0.055882 0.243736 0.164808 0.093387 0.035595 0.043210 0.138078 0.100277 0.116816 0.111987 0.094289 0.129515 0.105030 0.101776 0.081705 0.137169 0.066897 0.101674 0.175646 0.049860 0.053883 0.035706 0.099605 0.061517 0.051647 0.149876 0.077428 0.090771 0.091230 0.070490 0.059755 0.107814 0.084872 0.087947 0.279113 0.041250 0.073371 0.020616 0.227120 0.057756 0.130133 0.058149 0.073508 0.075796 0.069245 0.105082 0.078688 0.130409 0.084823 0.079357 0.055477 0.074058 0.040875 0.065847 0.059387 0.081494 0.076148 0.100551 0.098705 0.088456 0.071717 0.065076 0.097445 0.098188 0.062304 0.048206 0.083612 0.063276 0.099940 0.077900 0.082385 0.071557 0.079405 0.081796 0.052009 0.052744 0.139463 0.081491 0.119476 0.050689 0.087867 0.084691 0.146010 0.068612 0.139608 0.265557 0.020812 0.028237 0.175795 
0.026280 0.014614 1.000000 0.035341 0.101819 0.014842 0.099207 0.015255 0.435311 0.023019 0.032338 0.063061 0.292746 0.123511 0.160637 0.094642 0.173338 0.108394 0.099393 0.220650 0.225855 0.196259 0.033990 0.164335 0.147067 0.014640 0.042229 0.089533 0.034758 0.058375 0.085483 0.101866 0.050489 0.089155 0.061823 0.131006 0.101224 0.052410 0.019588 0.058384 0.077323 0.053754 0.053562 0.108359 0.082504 0.129819 0.072046 0.131716 0.116191 0.127021 0.142308 0.088662 0.110555 0.110871 0.163018 0.160342 0.081188 0.077582 0.083644 0.085482 0.073466 0.074317 0.131643 0.134216 0.112379 0.038475 0.103091 0.046054 0.047391 0.013774 0.123946 0.014952 0.074739 0.062153 0.036117 0.000724 0.053628 0.131725 0.034109 0.083668 0.059403 0.046465 0.084634 0.065141 0.117712 0.036415 0.032047 0.128049 0.057941 0.059841 0.043051 0.027623 0.066591 0.053070 0.071025 0.083423 0.057867 0.055835 0.049290 0.120200 0.044145 0.091690 0.038199 0.086684 0.047889 0.077842 0.079838 0.030069 0.100414 0.083553 0.102402 0.054782 0.090295 0.114068 0.099527 0.180764 0.079940 0.090681 0.082909 0.187752 0.126376 0.128070 0.153495 0.005563 0.096643 0.104905 
0.861745 0.094020 0.035341 1.000000 0.587969 0.478765 0.021893 0.790191 0.109855 0.094795 0.723328 0.365847 0.157560 0.567286 0.407174 0.408907 0.284628 0.371347 0.462353 0.126393 0.136673 0.144017 0.557636 0.451773 0.113036 0.270957 0.360452 0.245673 0.217885 0.154844 0.029662 0.013836 0.237500 0.314494 0.080398 0.112802 0.162816 0.232560 0.395269 0.182255 0.159558 0.000728 0.151025 0.316590 0.265407 0.182561 0.110369 0.084602 0.159807 0.133239 0.285027 0.295912 0.166258 0.122782 0.196992 0.234224 0.332067 0.122973 0.014872 0.249287 0.045027 0.028429 0.306850 0.200630 0.169377 0.089892 0.101690 0.039897 0.238532 0.059718 0.015210 0.267175 0.235516 0.316306 0.052346 0.289451 0.134299 0.138230 0.054364 0.081355 0.112891 0.101748 0.031764 0.013237 0.347929 0.130058 0.242118 0.194555 0.201405 0.136644 0.277703 0.154013 0.081292 0.213954 0.016863 0.034874 0.111551 0.085110 0.039163 0.166144 0.181574 0.042075 0.381559 0.233006 0.136846 0.163979 0.064871 0.037638 0.079142 0.070998 0.051545 0.005949 0.186589 0.264817 0.060564 0.125488 0.029081 0.059274 0.066179 0.130840 0.046648 0.215805 0.161043 0.004027 0.336396 0.066370 
0.539562 0.050212 0.101819 0.587969 1.000000 0.142434 0.074210 0.496795 0.214128 0.106912 0.491888 0.419253 0.108608 0.437743 0.283864 0.286903 0.267487 0.287157 0.350191 0.164456 0.224114 0.166554 0.443114 0.365832 0.110295 0.183403 0.266785 0.256210 0.101500 0.170253 0.071656 0.034391 0.192188 0.270279 0.077642 0.146589 0.144364 0.204121 0.238343 0.179678 0.170416 0.019072 0.133553 0.296615 0.240190 0.185592 0.139692 0.093145 0.160293 0.147604 0.234718 0.284784 0.191200 0.135015 0.186130 0.258023 0.274581 0.119890 0.038244 0.256599 0.069703 0.049019 0.292164 0.177131 0.169851 0.127954 0.114526 0.065981 0.246294 0.094597 0.048479 0.185185 0.198671 0.295383 0.058953 0.197310 0.140627 0.163781 0.094547 0.095136 0.151563 0.129051 0.068650 0.045836 0.320384 0.159743 0.248747 0.155315 0.209699 0.128233 0.272248 0.134690 0.110989 0.192745 0.058514 0.077503 0.145541 0.113908 0.073913 0.154312 0.210277 0.092321 0.330441 0.212529 0.144919 0.193672 0.087880 0.078528 0.098478 0.097213 0.066524 0.029347 0.197314 0.321635 0.088302 0.162596 0.055330 0.087741 0.092575 0.169675 0.098723 0.257294 0.197226 0.002954 0.312067 0.180999 
0.505777 0.297990 0.014842 0.478765 0.142434 1.000000 0.035347 0.487516 0.060017 0.028567 0.384653 0.306642 0.274181 0.272513 0.275484 0.284536 0.142665 0.180401 0.196700 0.163852 0.102450 0.075458 0.180887 0.209781 0.041164 0.212236 0.148507 0.113491 0.255674 0.068607 0.048862 0.001056 0.081104 0.203883 0.082203 0.077710 0.060580 0.093258 0.264507 0.165422 0.095369 0.003722 0.065029 0.172508 0.131671 0.094054 0.091575 0.033144 0.103245 0.068606 0.125585 0.121218 0.105667 0.046652 0.079864 0.154386 0.125007 0.052065 0.006510 0.112119 0.027598 0.015777 0.176498 0.083065 0.084475 0.086834 0.052754 0.037154 0.151621 0.077172 0.010786 0.219938 0.084386 0.132909 0.011736 0.206669 0.055381 0.087821 0.047196 0.054912 0.086478 0.075169 0.044915 0.032181 0.168105 0.103778 0.119184 0.070911 0.091232 0.053901 0.115421 0.073297 0.055958 0.123670 0.041507 0.036191 0.078993 0.058157 0.036164 0.077432 0.131919 0.020318 0.147169 0.118173 0.079503 0.096772 0.047697 0.057237 0.041650 0.048931 0.033751 0.014984 0.081844 0.152163 0.044941 0.067672 0.018865 0.050463 0.068209 0.083037 0.054543 0.129917 0.207684 0.022817 0.080342 0.086967 
0.045389 0.114289 0.099207 0.021893 0.074210 0.035347 1.000000 0.016907 0.187016 0.011328 0.025447 0.036316 0.060293 0.082040 0.160476 0.082225 0.143310 0.131453 0.085264 0.107199 0.325766 0.180399 0.024058 0.142934 0.060324 0.032001 0.005413 0.065148 0.000412 0.035722 0.129948 0.101313 0.006553 0.045334 0.072506 0.111038 0.049147 0.025581 0.020319 0.068998 0.105484 0.087361 0.017502 0.040968 0.057008 0.056962 0.087748 0.107519 0.092271 0.083231 0.036690 0.053286 0.150733 0.041970 0.074828 0.117867 0.001663 0.038422 0.091313 0.152315 0.088284 0.075868 0.031404 0.019121 0.078157 0.107646 0.082365 0.066072 0.078615 0.185144 0.132565 0.028286 0.009318 0.019821 0.032081 0.014352 0.057109 0.119144 0.084963 0.079929 0.077569 0.085740 0.114145 0.092311 0.015275 0.064090 0.048160 0.001675 0.068619 0.047762 0.018531 0.079041 0.064304 0.074985 0.117515 0.154110 0.072430 0.083810 0.075168 0.063324 0.066735 0.140059 0.010811 0.053292 0.035445 0.082504 0.118167 0.081551 0.079792 0.081062 0.110887 0.075479 0.076765 0.082848 0.120469 0.130650 0.104192 0.113971 0.110454 0.135180 0.101331 0.104362 0.156811 0.001673 0.002808 0.193389 
0.817424 0.102408 0.015255 0.790191 0.496795 0.487516 0.016907 1.000000 0.086874 0.065027 0.817145 0.261179 0.132238 0.563818 0.424395 0.417996 0.235401 0.356660 0.457930 0.104912 0.127439 0.121874 0.612330 0.396748 0.081152 0.286878 0.397992 0.220498 0.230087 0.133255 0.042601 0.006477 0.225436 0.316601 0.088297 0.107954 0.160963 0.206598 0.429569 0.196570 0.155220 0.005276 0.131407 0.271145 0.259260 0.146456 0.114940 0.070863 0.157963 0.111087 0.255611 0.255036 0.152828 0.090712 0.145072 0.212612 0.305269 0.106904 0.013153 0.204251 0.037447 0.021880 0.269613 0.174505 0.152207 0.108902 0.088738 0.041497 0.227650 0.085295 0.002748 0.285981 0.222348 0.248991 0.038171 0.307236 0.102924 0.116483 0.063466 0.070801 0.109116 0.110721 0.028571 0.014617 0.282659 0.130459 0.218336 0.149004 0.182982 0.124379 0.242905 0.159535 0.071716 0.211950 0.020204 0.031820 0.103455 0.091466 0.039683 0.113522 0.175872 0.039689 0.348556 0.216393 0.120775 0.146298 0.059830 0.043842 0.064800 0.063120 0.037854 0.008375 0.181722 0.224268 0.054534 0.097144 0.027692 0.054280 0.073099 0.111980 0.058414 0.184492 0.162888 0.007575 0.275470 0.082066 
0.110060 0.102469 0.435311 0.109855 0.214128 0.060017 0.187016 0.086874 1.000000 0.080664 0.091608 0.160965 0.346840 0.197744 0.228977 0.178832 0.251425 0.180731 0.165567 0.285467 0.359560 0.254925 0.076677 0.250869 0.138348 0.070717 0.071226 0.173965 0.033191 0.095498 0.150627 0.105987 0.078889 0.175274 0.108595 0.175368 0.106020 0.102512 0.030495 0.140034 0.145447 0.069952 0.091329 0.203605 0.141944 0.163388 0.145603 0.141210 0.161279 0.158744 0.165295 0.160541 0.202033 0.122843 0.180558 0.248276 0.119058 0.106852 0.110546 0.154412 0.112518 0.095298 0.208964 0.142845 0.150356 0.127543 0.131377 0.082653 0.154929 0.076406 0.134067 0.073785 0.097504 0.150424 0.043200 0.051212 0.131169 0.180665 0.101123 0.112972 0.130624 0.122171 0.115969 0.095862 0.165514 0.114468 0.136307 0.125463 0.139363 0.086024 0.120960 0.092379 0.114699 0.130934 0.108110 0.116849 0.126528 0.114393 0.096655 0.149173 0.137805 0.155818 0.101762 0.131865 0.101412 0.155868 0.121316 0.083403 0.130980 0.126038 0.121831 0.076024 0.159098 0.221123 0.141413 0.231251 0.114465 0.131328 0.147079 0.246565 0.189089 0.233514 0.177145 0.003088 0.163151 0.247695 
0.079609 0.021052 0.023019 0.094795 0.106912 0.028567 0.011328 0.065027 0.080664 1.000000 0.059116 0.062961 0.069900 0.121089 0.080768 0.095204 0.109732 0.069028 0.094387 0.056352 0.079167 0.068878 0.079293 0.112580 0.081942 0.056469 0.110492 0.130838 0.084313 0.084889 0.027423 0.026577 0.109001 0.128609 0.048758 0.078938 0.078599 0.130059 0.094269 0.094699 0.070741 0.007124 0.080203 0.178204 0.133354 0.103349 0.084446 0.056935 0.086973 0.106105 0.146345 0.197912 0.114775 0.074914 0.123732 0.116979 0.201212 0.284110 0.019176 0.188699 0.038117 0.024939 0.164609 0.120427 0.106927 0.062099 0.051658 0.029261 0.170894 0.030732 0.020588 0.056433 0.145142 0.253889 0.021150 0.070188 0.065666 0.079881 0.065097 0.044547 0.063962 0.084343 0.031808 0.017241 0.153488 0.067026 0.140599 0.104809 0.368129 0.096856 0.204500 0.071802 0.054266 0.106641 0.019932 0.028449 0.073405 0.058187 0.027495 0.084274 0.157604 0.055921 0.228751 0.131627 0.087863 0.115975 0.035961 0.036420 0.062692 0.051352 0.034038 0.016585 0.115501 0.120471 0.038309 0.080464 0.023153 0.035802 0.036731 0.079719 0.030757 0.100488 0.064220 0.001135 0.323261 0.085508 
0.690366 0.122943 0.032338 0.723328 0.491888 0.384653 0.025447 0.817145 0.091608 0.059116 1.000000 0.348467 0.130426 0.510976 0.378876 0.434610 0.235079 0.308506 0.439522 0.118929 0.136649 0.128766 0.543279 0.371484 0.101727 0.291345 0.372959 0.241953 0.235626 0.144543 0.033235 0.017476 0.216671 0.311578 0.085769 0.115509 0.167415 0.193432 0.414584 0.183729 0.151831 0.006474 0.135586 0.289522 0.253256 0.170574 0.110748 0.083309 0.163071 0.126016 0.248449 0.269669 0.160774 0.113976 0.171148 0.226599 0.270187 0.100851 0.016387 0.222477 0.045852 0.032163 0.282960 0.173592 0.163886 0.089368 0.099490 0.040055 0.231054 0.063853 0.021163 0.291167 0.218181 0.267770 0.044682 0.304629 0.129411 0.129593 0.056053 0.076586 0.101559 0.095529 0.035953 0.016883 0.313995 0.123451 0.250571 0.158209 0.182187 0.136797 0.271416 0.140709 0.085716 0.189020 0.022620 0.041515 0.120903 0.083718 0.044852 0.151902 0.177823 0.045333 0.341348 0.223837 0.130980 0.160677 0.065238 0.040970 0.076879 0.068833 0.048308 0.010512 0.154724 0.256317 0.061007 0.126206 0.031341 0.060562 0.062655 0.133712 0.050121 0.211299 0.163811 0.004986 0.260275 0.069330 
0.276546 0.219896 0.063061 0.365847 0.419253 0.306642 0.036316 0.261179 0.160965 0.062961 0.348467 1.000000 0.248721 0.238000 0.203864 0.280474 0.237133 0.122298 0.170488 0.271572 0.181954 0.133552 0.073588 0.239209 0.117922 0.136769 0.108825 0.252323 0.194171 0.139377 0.052286 0.028298 0.109720 0.246639 0.086898 0.130335 0.086929 0.141160 0.164881 0.165819 0.136208 0.003211 0.117320 0.340834 0.170577 0.216299 0.129478 0.093739 0.147020 0.146852 0.183485 0.230745 0.189296 0.148394 0.208782 0.273648 0.181661 0.086549 0.026663 0.224968 0.070149 0.043521 0.330314 0.150848 0.142920 0.078372 0.100777 0.049024 0.229215 0.058039 0.061140 0.147940 0.118693 0.306379 0.035844 0.131041 0.186358 0.162882 0.069614 0.091030 0.144966 0.083013 0.079689 0.045745 0.366525 0.158886 0.259432 0.149046 0.144499 0.092223 0.256930 0.077128 0.129961 0.117866 0.063222 0.063920 0.162104 0.070836 0.081816 0.210161 0.208548 0.065046 0.207367 0.172418 0.149261 0.197719 0.082995 0.082090 0.094450 0.092291 0.069427 0.022774 0.123560 0.368897 0.081084 0.182991 0.041702 0.082504 0.068165 0.183502 0.072314 0.306740 0.308952 0.005104 0.161070 0.168220 
0.140524 0.251338 0.292746 0.157560 0.108608 0.274181 0.060293 0.132238 0.346840 0.069900 0.130426 0.248721 1.000000 0.225169 0.248789 0.308245 0.261323 0.166926 0.174067 0.388239 0.267459 0.249901 0.075672 0.258923 0.192842 0.166648 0.097307 0.165548 0.194480 0.095478 0.117910 0.111648 0.107045 0.222016 0.137673 0.177450 0.137161 0.105198 0.180100 0.144778 0.122862 0.051345 0.103311 0.225819 0.160630 0.203196 0.119912 0.165868 0.181276 0.176231 0.234451 0.164623 0.170745 0.151816 0.232241 0.280353 0.160616 0.118922 0.099068 0.138305 0.093383 0.087513 0.253614 0.209501 0.158496 0.067729 0.134104 0.061100 0.120430 0.002602 0.134251 0.176192 0.127489 0.153672 0.041785 0.142761 0.101468 0.186676 0.050240 0.118171 0.092662 0.079445 0.104880 0.080035 0.234961 0.079739 0.096808 0.218849 0.119147 0.084475 0.114105 0.075709 0.097019 0.106499 0.083913 0.079667 0.104815 0.081550 0.065056 0.180031 0.103072 0.090149 0.102751 0.139552 0.088990 0.140691 0.107904 0.046489 0.131504 0.114911 0.129913 0.061458 0.124254 0.208311 0.128934 0.245677 0.092397 0.119673 0.128779 0.277016 0.135873 0.223654 0.284721 0.005695 0.187426 0.156812 
0.552273 0.102740 0.123511 0.567286 0.437743 0.272513 0.082040 0.563818 0.197744 0.121089 0.510976 0.238000 0.225169 1.000000 0.440277 0.430619 0.362642 0.425347 0.524499 0.190025 0.234831 0.253495 0.656110 0.515119 0.209729 0.304245 0.477844 0.248479 0.226519 0.194495 0.070353 0.082189 0.356633 0.355174 0.131180 0.179536 0.259735 0.304077 0.478139 0.209924 0.195549 0.042367 0.186576 0.323577 0.324584 0.241730 0.142772 0.168758 0.227644 0.210470 0.407436 0.345879 0.203757 0.166151 0.279993 0.266915 0.426089 0.205149 0.060623 0.273551 0.076671 0.066500 0.327945 0.304788 0.219138 0.114162 0.142983 0.065443 0.251342 0.053464 0.070883 0.302240 0.335966 0.334150 0.074154 0.334860 0.144594 0.180187 0.073892 0.117223 0.117794 0.119457 0.069068 0.045596 0.327924 0.119227 0.244658 0.262526 0.247433 0.176770 0.297771 0.246622 0.091537 0.245823 0.046285 0.070535 0.107920 0.120825 0.049072 0.201320 0.175130 0.088963 0.448614 0.265492 0.135965 0.176482 0.096901 0.035516 0.121857 0.101204 0.104171 0.032308 0.261655 0.257545 0.105418 0.199174 0.070943 0.101051 0.106106 0.210032 0.080032 0.217500 0.171656 0.001424 0.440589 0.078806 
0.404872 0.137220 0.160637 0.407174 0.283864 0.275484 0.160476 0.424395 0.228977 0.080768 0.378876 0.203864 0.248789 0.440277 1.000000 0.335691 0.311560 0.308353 0.364493 0.218895 0.276632 0.265408 0.356808 0.384377 0.186624 0.204714 0.255933 0.184153 0.177423 0.120587 0.098960 0.106577 0.164924 0.246702 0.126394 0.168745 0.174686 0.177575 0.284680 0.172558 0.159102 0.066691 0.131361 0.233287 0.211264 0.203298 0.130144 0.169170 0.208052 0.182249 0.285384 0.217514 0.184863 0.142623 0.243176 0.245968 0.270946 0.146693 0.085216 0.200800 0.089868 0.081580 0.239807 0.222448 0.174682 0.095449 0.142175 0.068051 0.168278 0.060603 0.117504 0.205991 0.189415 0.202598 0.053344 0.201637 0.107023 0.180585 0.068631 0.124833 0.103608 0.094962 0.110383 0.079588 0.243662 0.098023 0.148781 0.197835 0.152272 0.123934 0.168701 0.163434 0.089809 0.160636 0.089415 0.085223 0.101676 0.090982 0.060023 0.179357 0.133665 0.099858 0.229515 0.185742 0.097439 0.144249 0.120402 0.055036 0.124413 0.105406 0.117920 0.056295 0.189979 0.203618 0.130431 0.208538 0.094672 0.125278 0.118887 0.218797 0.102979 0.195015 0.125198 0.006712 0.228644 0.112922 
0.385632 0.290629 0.094642 0.408907 0.286903 0.284536 0.082225 0.417996 0.178832 0.095204 0.434610 0.280474 0.308245 0.430619 0.335691 1.000000 0.294655 0.277313 0.456328 0.262096 0.234153 0.230651 0.394580 0.369875 0.189370 0.409491 0.379175 0.250943 0.452704 0.184313 0.073769 0.079827 0.290002 0.445957 0.213250 0.182089 0.211414 0.234919 0.574567 0.260182 0.192577 0.043048 0.170044 0.394447 0.309990 0.244359 0.161031 0.194470 0.254654 0.203926 0.347154 0.309991 0.255506 0.164936 0.261113 0.272866 0.290415 0.153467 0.056774 0.272593 0.084672 0.069618 0.365611 0.250472 0.207746 0.105717 0.131229 0.071460 0.267203 0.064922 0.086641 0.418406 0.263469 0.327726 0.076146 0.412417 0.231151 0.189344 0.073126 0.111122 0.100823 0.115006 0.081512 0.052578 0.321785 0.117960 0.285506 0.229080 0.222678 0.159648 0.284948 0.206573 0.115372 0.211433 0.059563 0.085672 0.132497 0.112007 0.066681 0.263909 0.182008 0.091409 0.341090 0.240906 0.152994 0.181771 0.098027 0.056373 0.124848 0.107930 0.106347 0.040825 0.156293 0.256019 0.104527 0.204942 0.067044 0.101728 0.102544 0.221642 0.080049 0.257574 0.245124 0.011672 0.332204 0.123945 
0.256513 0.128191 0.173338 0.284628 0.267487 0.142665 0.143310 0.235401 0.251425 0.109732 0.235079 0.237133 0.261323 0.362642 0.311560 0.294655 1.000000 0.264859 0.309714 0.234066 0.269714 0.282126 0.259136 0.377767 0.195800 0.169381 0.208904 0.205518 0.163892 0.140836 0.099536 0.102386 0.187974 0.241814 0.124275 0.167509 0.169193 0.197028 0.236447 0.157297 0.157055 0.056709 0.178774 0.262390 0.217038 0.221278 0.130978 0.167799 0.193135 0.188177 0.296854 0.253464 0.192647 0.155601 0.267024 0.257540 0.286727 0.161467 0.085562 0.246257 0.091253 0.081290 0.276136 0.240714 0.176861 0.086459 0.134937 0.066269 0.182669 0.050276 0.106397 0.170231 0.203812 0.274993 0.056425 0.173672 0.129329 0.183687 0.070144 0.119421 0.116291 0.103192 0.088915 0.064731 0.271920 0.108620 0.175003 0.225906 0.196936 0.126244 0.203994 0.152036 0.094985 0.167479 0.069230 0.089166 0.108475 0.094509 0.060391 0.197607 0.140007 0.096233 0.260090 0.187810 0.113535 0.160258 0.108698 0.043442 0.125213 0.104546 0.118107 0.049355 0.173678 0.230941 0.122047 0.225968 0.090128 0.114980 0.125805 0.234644 0.101738 0.209256 0.170051 0.001881 0.292213 0.111958 
0.374845 0.087075 0.108394 0.371347 0.287157 0.180401 0.131453 0.356660 0.180731 0.069028 0.308506 0.122298 0.166926 0.425347 0.308353 0.277313 0.264859 1.000000 0.341960 0.151993 0.235480 0.198763 0.404989 0.414228 0.125667 0.193070 0.266581 0.170080 0.134725 0.144535 0.088555 0.076765 0.202934 0.222891 0.104324 0.138345 0.169314 0.187000 0.268854 0.147721 0.151855 0.053416 0.140019 0.193327 0.207604 0.148881 0.114139 0.120260 0.155997 0.141140 0.259210 0.232867 0.162084 0.101362 0.175886 0.197241 0.243858 0.121472 0.066094 0.177122 0.071137 0.059993 0.199551 0.175724 0.163831 0.107783 0.107716 0.063940 0.173108 0.075935 0.072203 0.190545 0.214490 0.197471 0.055224 0.206394 0.094374 0.148380 0.074904 0.089049 0.098148 0.106201 0.072902 0.053941 0.187290 0.097063 0.152338 0.138704 0.169737 0.124682 0.177976 0.161858 0.075808 0.219921 0.062099 0.069523 0.085025 0.104847 0.055159 0.116333 0.124099 0.099177 0.312538 0.187358 0.093388 0.128560 0.093655 0.049218 0.091651 0.084179 0.086505 0.040497 0.167406 0.172115 0.097673 0.148131 0.073701 0.091114 0.101220 0.161291 0.087868 0.156608 0.068137 0.000910 0.271560 0.120926 
0.444848 0.085478 0.099393 0.462353 0.350191 0.196700 0.085264 0.457930 0.165567 0.094387 0.439522 0.170488 0.174067 0.524499 0.364493 0.456328 0.309714 0.341960 1.000000 0.147362 0.199678 0.237677 0.597093 0.415549 0.170784 0.374499 0.482350 0.218752 0.281876 0.173626 0.063737 0.067943 0.295665 0.364597 0.135508 0.155168 0.232472 0.266907 0.523284 0.202177 0.181968 0.048590 0.162960 0.279585 0.301027 0.200255 0.131015 0.158757 0.232936 0.182619 0.343034 0.302200 0.185142 0.143368 0.229577 0.227460 0.350422 0.164278 0.052635 0.244380 0.068610 0.058785 0.277763 0.249693 0.191309 0.112046 0.121875 0.063613 0.227768 0.050481 0.060498 0.371935 0.296888 0.286174 0.075106 0.420804 0.120391 0.160538 0.068797 0.099976 0.097482 0.114947 0.060639 0.041273 0.260734 0.100551 0.212290 0.206554 0.218000 0.159218 0.268059 0.207395 0.081549 0.224541 0.043202 0.061052 0.095381 0.122969 0.043853 0.162698 0.152340 0.084409 0.399180 0.231779 0.121574 0.152938 0.083925 0.033090 0.103290 0.086164 0.085818 0.032277 0.203173 0.211831 0.091129 0.167669 0.063406 0.087396 0.095573 0.175084 0.071710 0.172488 0.125295 0.001859 0.394844 0.077893 
0.109685 0.247998 0.220650 0.126393 0.164456 0.163852 0.107199 0.104912 0.285467 0.056352 0.118929 0.271572 0.388239 0.190025 0.218895 0.262096 0.234066 0.151993 0.147362 1.000000 0.274744 0.229123 0.058285 0.227549 0.169040 0.138913 0.075135 0.154434 0.160262 0.092638 0.117649 0.112317 0.085940 0.188253 0.126799 0.172552 0.119687 0.094109 0.133803 0.137481 0.124844 0.058658 0.088156 0.194892 0.142348 0.184827 0.120619 0.160858 0.168998 0.164980 0.197590 0.146149 0.170998 0.136287 0.205264 0.255843 0.134072 0.105117 0.093431 0.139374 0.094366 0.085399 0.220172 0.177135 0.145652 0.079866 0.127067 0.065144 0.119315 0.037074 0.135388 0.147954 0.104628 0.134348 0.041616 0.117181 0.094537 0.179223 0.061172 0.114567 0.095980 0.079829 0.119590 0.089444 0.215087 0.085831 0.099215 0.177198 0.107014 0.078374 0.105680 0.075597 0.098497 0.096560 0.101831 0.095352 0.104868 0.083708 0.072191 0.163310 0.106987 0.100073 0.091124 0.125871 0.084605 0.135558 0.116253 0.064996 0.122532 0.110622 0.126374 0.064406 0.114147 0.203086 0.131244 0.221747 0.095650 0.125577 0.122899 0.248517 0.127623 0.212419 0.244359 0.003202 0.138379 0.176139 
0.147040 0.182202 0.225855 0.136673 0.224114 0.102450 0.325766 0.127439 0.359560 0.079167 0.136649 0.181954 0.267459 0.234831 0.276632 0.234153 0.269714 0.235480 0.199678 0.274744 1.000000 0.285292 0.107486 0.293030 0.129864 0.117436 0.084542 0.198667 0.087464 0.107862 0.186429 0.134216 0.076956 0.190390 0.136869 0.195225 0.110772 0.110869 0.078739 0.164735 0.185439 0.103962 0.094780 0.210462 0.161625 0.164218 0.169575 0.164179 0.179244 0.167625 0.149956 0.181075 0.255215 0.117270 0.180590 0.269149 0.103613 0.103307 0.132621 0.206308 0.140183 0.113530 0.194982 0.111003 0.168355 0.170511 0.147094 0.106078 0.200766 0.176582 0.169934 0.121796 0.094813 0.171684 0.051251 0.094971 0.161845 0.207129 0.140768 0.132287 0.152388 0.151331 0.153431 0.126123 0.155316 0.138973 0.195472 0.083762 0.173938 0.106442 0.153249 0.144747 0.139411 0.164420 0.152329 0.153094 0.152766 0.145543 0.126785 0.163673 0.167809 0.207849 0.125316 0.148119 0.115557 0.182949 0.164583 0.121263 0.146365 0.145250 0.148580 0.097152 0.163838 0.246031 0.176074 0.251995 0.142708 0.166621 0.171760 0.265860 0.179948 0.261993 0.033405 0.001408 0.137061 0.316176 
0.131661 0.126125 0.196259 0.144017 0.166554 0.075458 0.180399 0.121874 0.254925 0.068878 0.128766 0.133552 0.249901 0.253495 0.265408 0.230651 0.282126 0.198763 0.237677 0.229123 0.285292 1.000000 0.155346 0.276271 0.186216 0.136866 0.138154 0.142201 0.126550 0.099303 0.112356 0.123021 0.122037 0.176703 0.118385 0.165035 0.147066 0.128648 0.160190 0.119855 0.134199 0.075885 0.097291 0.173954 0.164038 0.178790 0.110226 0.169043 0.176185 0.171841 0.227034 0.168766 0.164379 0.134960 0.220591 0.222929 0.180031 0.127170 0.101766 0.169043 0.095625 0.090495 0.189525 0.193459 0.151787 0.077560 0.133881 0.069407 0.119761 0.041571 0.135245 0.137821 0.144239 0.143140 0.054120 0.128902 0.089140 0.171674 0.062153 0.118698 0.087807 0.084917 0.109974 0.084855 0.180710 0.072182 0.100773 0.174491 0.129408 0.100527 0.119117 0.119080 0.084151 0.118191 0.093463 0.094142 0.089478 0.091262 0.061275 0.159979 0.093008 0.114191 0.145460 0.136921 0.077493 0.125643 0.118594 0.046323 0.124241 0.104012 0.127013 0.065783 0.135892 0.164792 0.132667 0.215305 0.104498 0.124129 0.123500 0.228827 0.110124 0.167018 0.100971 0.002542 0.196472 0.124017 
0.563285 0.020097 0.033990 0.557636 0.443114 0.180887 0.024058 0.612330 0.076677 0.079293 0.543279 0.073588 0.075672 0.656110 0.356808 0.394580 0.259136 0.404989 0.597093 0.058285 0.107486 0.155346 1.000000 0.442942 0.116028 0.349970 0.515864 0.180754 0.194724 0.149869 0.023018 0.031122 0.322215 0.324200 0.089912 0.105397 0.219248 0.266942 0.536771 0.161770 0.140806 0.025110 0.147460 0.223063 0.275711 0.145702 0.092782 0.101262 0.167758 0.126502 0.332819 0.275975 0.129457 0.092446 0.171352 0.162467 0.386096 0.149685 0.018331 0.204563 0.031656 0.026695 0.226088 0.230628 0.161756 0.092889 0.084138 0.036191 0.187791 0.045181 0.008129 0.345922 0.295438 0.246988 0.053742 0.396665 0.084501 0.102242 0.046607 0.064713 0.076552 0.091243 0.018887 0.009478 0.228522 0.085403 0.172520 0.184016 0.194467 0.143042 0.228594 0.218114 0.042050 0.215337 0.004132 0.030818 0.053069 0.092040 0.015116 0.101703 0.117815 0.038925 0.423896 0.220506 0.090879 0.112148 0.043606 0.009285 0.063224 0.050409 0.046146 0.006511 0.214434 0.151136 0.047065 0.089695 0.027391 0.045821 0.058074 0.100918 0.032791 0.111125 0.081339 0.000730 0.410915 0.015644 
0.427717 0.125347 0.164335 0.451773 0.365832 0.209781 0.142934 0.396748 0.250869 0.112580 0.371484 0.239209 0.258923 0.515119 0.384377 0.369875 0.377767 0.414228 0.415549 0.227549 0.293030 0.276271 0.442942 1.000000 0.197667 0.235324 0.311446 0.245464 0.189392 0.184845 0.099668 0.101815 0.252414 0.299283 0.137441 0.184932 0.204667 0.244494 0.332967 0.188630 0.190162 0.058395 0.194794 0.302251 0.269926 0.235726 0.147523 0.176411 0.213913 0.201746 0.351698 0.320432 0.220393 0.167278 0.282596 0.281164 0.335859 0.175087 0.082479 0.263482 0.096834 0.084469 0.307496 0.258361 0.219097 0.110374 0.148462 0.073833 0.228105 0.065982 0.107229 0.234178 0.268272 0.316142 0.069178 0.246571 0.152296 0.205143 0.083325 0.125533 0.124096 0.121088 0.094673 0.068165 0.300234 0.119424 0.220686 0.231860 0.225764 0.163808 0.257524 0.195323 0.107940 0.243665 0.075027 0.090199 0.121120 0.117768 0.069629 0.208212 0.165326 0.115006 0.382573 0.245397 0.133639 0.182288 0.117558 0.054839 0.131933 0.114290 0.123805 0.050569 0.214805 0.262090 0.128025 0.231581 0.091986 0.122444 0.126471 0.238675 0.105522 0.235850 0.150374 0.001540 0.361256 0.135728 
0.084891 0.076850 0.147067 0.113036 0.110295 0.041164 0.060324 0.081152 0.138348 0.081942 0.101727 0.117922 0.192842 0.209729 0.186624 0.189370 0.195800 0.125667 0.170784 0.169040 0.129864 0.186216 0.116028 0.197667 1.000000 0.134628 0.212842 0.115142 0.119500 0.135537 0.056677 0.137800 0.230494 0.185732 0.117736 0.195877 0.191291 0.177141 0.194956 0.111718 0.176772 0.066687 0.126760 0.191577 0.237740 0.252400 0.104949 0.222980 0.206624 0.228195 0.328139 0.180147 0.146353 0.194412 0.326099 0.181022 0.253077 0.173987 0.076331 0.195711 0.074711 0.080446 0.224056 0.301987 0.162740 0.025596 0.141813 0.112646 0.096936 0.017553 0.142890 0.131249 0.215773 0.163585 0.154516 0.129206 0.070419 0.165692 0.022031 0.118023 0.041612 0.051570 0.107519 0.066032 0.220894 0.029697 0.086338 0.230623 0.147569 0.114316 0.136837 0.099240 0.064901 0.095033 0.070792 0.090357 0.061090 0.059837 0.029582 0.208221 0.077665 0.066722 0.179244 0.149534 0.073391 0.099642 0.105531 0.010472 0.125145 0.087315 0.125089 0.052378 0.107111 0.118717 0.108784 0.190635 0.080151 0.101374 0.070115 0.196981 0.058596 0.118684 0.150547 0.004417 0.264338 0.002084 
0.270630 0.258634 0.014640 0.270957 0.183403 0.212236 0.032001 0.286878 0.070717 0.056469 0.291345 0.136769 0.166648 0.304245 0.204714 0.409491 0.169381 0.193070 0.374499 0.138913 0.117436 0.136866 0.349970 0.235324 0.134628 1.000000 0.362597 0.166296 0.425135 0.146824 0.063117 0.060623 0.225538 0.361514 0.176133 0.149082 0.166397 0.198442 0.535095 0.217329 0.158138 0.042123 0.120114 0.250017 0.249133 0.168024 0.131498 0.143180 0.213633 0.155846 0.256352 0.221013 0.178296 0.117303 0.173334 0.195776 0.225118 0.118916 0.037852 0.192545 0.109338 0.052885 0.244702 0.184379 0.212638 0.182590 0.096152 0.070591 0.198006 0.062010 0.064149 0.454960 0.218030 0.208037 0.071989 0.459598 0.106317 0.147101 0.069410 0.082252 0.082853 0.102803 0.077117 0.052635 0.209448 0.096008 0.178643 0.138223 0.169463 0.123712 0.201511 0.159815 0.086727 0.181897 0.064567 0.075590 0.097977 0.119152 0.056403 0.136359 0.141294 0.081543 0.282320 0.192611 0.105704 0.133133 0.073323 0.058455 0.095042 0.126811 0.076924 0.041092 0.131370 0.179219 0.077249 0.134153 0.050089 0.080542 0.084361 0.149723 0.063604 0.156687 0.202913 0.015227 0.270586 0.110118 
0.356781 0.040235 0.042229 0.360452 0.266785 0.148507 0.005413 0.397992 0.071226 0.110492 0.372959 0.108825 0.097307 0.477844 0.255933 0.379175 0.208904 0.266581 0.482350 0.075135 0.084542 0.138154 0.515864 0.311446 0.212842 0.362597 1.000000 0.199980 0.251356 0.211798 0.024408 0.052892 0.422408 0.381803 0.127566 0.159538 0.290601 0.343802 0.583526 0.207415 0.196667 0.030869 0.191716 0.301291 0.319882 0.225101 0.137725 0.157130 0.235274 0.199709 0.396893 0.316903 0.176031 0.156155 0.253399 0.167110 0.407959 0.194581 0.020868 0.254375 0.049556 0.041089 0.295980 0.292699 0.186769 0.107881 0.103040 0.061679 0.241766 0.032931 0.029337 0.356083 0.370540 0.316654 0.094398 0.421925 0.132939 0.123756 0.061127 0.075481 0.071906 0.102362 0.035592 0.015602 0.251771 0.084281 0.245306 0.207489 0.232480 0.173192 0.308551 0.227020 0.067801 0.226853 0.013467 0.047221 0.077409 0.124463 0.027770 0.165471 0.153970 0.062485 0.454841 0.240839 0.123370 0.133579 0.054074 0.015081 0.088658 0.066669 0.061320 0.013578 0.203167 0.181749 0.055086 0.121607 0.032248 0.053194 0.054974 0.119823 0.035221 0.130262 0.144451 0.000416 0.447623 0.013999 
0.223708 0.091485 0.089533 0.245673 0.256210 0.113491 0.065148 0.220498 0.173965 0.130838 0.241953 0.252323 0.165548 0.248479 0.184153 0.250943 0.205518 0.170080 0.218752 0.154434 0.198667 0.142201 0.180754 0.245464 0.115142 0.166296 0.199980 1.000000 0.167930 0.178663 0.110575 0.068005 0.183186 0.274050 0.119750 0.155618 0.121805 0.198744 0.212764 0.193014 0.184835 0.038613 0.145284 0.340175 0.222641 0.332721 0.172267 0.116720 0.165472 0.168657 0.211762 0.316260 0.240559 0.127953 0.204662 0.301456 0.221291 0.124835 0.073573 0.244031 0.153212 0.083079 0.315666 0.152776 0.173734 0.136802 0.120598 0.082590 0.288086 0.098405 0.076795 0.170714 0.176226 0.360651 0.057887 0.170754 0.216139 0.174103 0.187154 0.101456 0.154469 0.143983 0.084955 0.064679 0.279324 0.160617 0.335406 0.138529 0.228196 0.138465 0.493735 0.171877 0.234164 0.198207 0.076820 0.087159 0.194373 0.134330 0.174490 0.186267 0.234811 0.171399 0.295303 0.201601 0.191402 0.243399 0.111337 0.090604 0.120381 0.115316 0.085925 0.044440 0.176079 0.493873 0.115182 0.367929 0.085374 0.109536 0.117680 0.242215 0.123098 0.319725 0.155575 0.000676 0.287821 0.218594 
0.210383 0.337629 0.034758 0.217885 0.101500 0.255674 0.000412 0.230087 0.033191 0.084313 0.235626 0.194171 0.194480 0.226519 0.177423 0.452704 0.163892 0.134725 0.281876 0.160262 0.087464 0.126550 0.194724 0.189392 0.119500 0.425135 0.251356 0.167930 1.000000 0.127555 0.054714 0.029880 0.195812 0.378825 0.242512 0.129807 0.123160 0.179817 0.597423 0.231811 0.137551 0.014595 0.108883 0.272203 0.286443 0.171154 0.130886 0.118370 0.185615 0.136925 0.239369 0.250249 0.168540 0.100695 0.155714 0.196501 0.223389 0.115220 0.023066 0.187948 0.045685 0.035988 0.270608 0.182914 0.121886 0.098699 0.077557 0.056006 0.259262 0.065635 0.032850 0.440610 0.180266 0.249853 0.042799 0.448150 0.089471 0.173021 0.063369 0.071692 0.082473 0.147061 0.051356 0.035093 0.222559 0.105095 0.216286 0.151918 0.209834 0.087604 0.238918 0.146880 0.077114 0.211328 0.039151 0.061982 0.135258 0.130428 0.044011 0.130501 0.195216 0.043682 0.275043 0.149185 0.136868 0.180495 0.055747 0.047394 0.071594 0.070105 0.060070 0.026184 0.095287 0.181499 0.057836 0.119176 0.034133 0.062521 0.086988 0.138964 0.051944 0.146647 0.288083 0.021630 0.240663 0.093544 
0.139389 0.062674 0.058375 0.154844 0.170253 0.068607 0.035722 0.133255 0.095498 0.084889 0.144543 0.139377 0.095478 0.194495 0.120587 0.184313 0.140836 0.144535 0.173626 0.092638 0.107862 0.099303 0.149869 0.184845 0.135537 0.146824 0.211798 0.178663 0.127555 1.000000 0.047875 0.085929 0.202925 0.209891 0.101878 0.156841 0.138292 0.204373 0.208858 0.153256 0.161489 0.028003 0.116225 0.238052 0.199613 0.187447 0.126553 0.124827 0.146250 0.154759 0.226822 0.375666 0.165869 0.121809 0.183191 0.149814 0.201808 0.126410 0.033547 0.233498 0.067144 0.078638 0.229869 0.178613 0.169438 0.082320 0.079793 0.085562 0.176373 0.069098 0.055367 0.146935 0.199415 0.239984 0.164608 0.159292 0.129035 0.273391 0.081682 0.064918 0.073019 0.090042 0.065149 0.043035 0.178676 0.078472 0.195107 0.112663 0.191496 0.142096 0.229806 0.127746 0.095929 0.168979 0.053101 0.085864 0.092031 0.094041 0.061029 0.140995 0.130386 0.093193 0.397535 0.204746 0.103991 0.125545 0.059815 0.065553 0.083437 0.072754 0.061426 0.031677 0.113992 0.194415 0.064774 0.135882 0.041475 0.063502 0.058484 0.119995 0.057830 0.146826 0.132388 0.000647 0.272978 0.105051 
0.048071 0.080328 0.085483 0.029662 0.071656 0.048862 0.129948 0.042601 0.150627 0.027423 0.033235 0.052286 0.117910 0.070353 0.098960 0.073769 0.099536 0.088555 0.063737 0.117649 0.186429 0.112356 0.023018 0.099668 0.056677 0.063117 0.024408 0.110575 0.054714 0.047875 1.000000 0.079219 0.027456 0.101341 0.094483 0.114616 0.048472 0.051957 0.026018 0.110171 0.118992 0.069393 0.037892 0.093373 0.088035 0.074869 0.114686 0.083167 0.097144 0.081765 0.065985 0.083981 0.150782 0.044325 0.072915 0.177029 0.040550 0.049186 0.172783 0.087046 0.086013 0.065064 0.097751 0.053949 0.084309 0.133409 0.088808 0.079778 0.117686 0.138062 0.089049 0.065895 0.037262 0.065199 0.028058 0.048378 0.077072 0.113253 0.103553 0.086334 0.107853 0.117929 0.093399 0.082333 0.072137 0.103510 0.090693 0.038438 0.087056 0.044295 0.060342 0.092883 0.078434 0.109260 0.099600 0.091383 0.092159 0.106603 0.085070 0.061216 0.106608 0.134727 0.042946 0.065701 0.062323 0.108454 0.115406 0.083742 0.081606 0.087438 0.086722 0.063364 0.098329 0.143159 0.125569 0.143320 0.103079 0.118092 0.265551 0.168905 0.262064 0.160039 0.035358 0.001089 0.058210 0.223993 
0.010874 0.058665 0.101866 0.013836 0.034391 0.001056 0.101313 0.006477 0.105987 0.026577 0.017476 0.028298 0.111648 0.082189 0.106577 0.079827 0.102386 0.076765 0.067943 0.112317 0.134216 0.123021 0.031122 0.101815 0.137800 0.060623 0.052892 0.068005 0.029880 0.085929 0.079219 1.000000 0.055555 0.080451 0.079953 0.133057 0.095539 0.058329 0.041515 0.062908 0.089839 0.153110 0.047578 0.081875 0.075525 0.123623 0.073525 0.150831 0.118921 0.127502 0.133815 0.082011 0.114722 0.100593 0.152689 0.118638 0.076476 0.075982 0.074355 0.095567 0.076065 0.102476 0.094321 0.119064 0.104248 0.048330 0.090463 0.117118 0.056706 0.031089 0.125965 0.061499 0.077877 0.049696 0.079425 0.046516 0.042134 0.130700 0.045089 0.082566 0.066540 0.037341 0.155880 0.106640 0.101170 0.053311 0.040358 0.092607 0.056328 0.087465 0.050233 0.143649 0.067918 0.053246 0.141037 0.082196 0.050624 0.058902 0.055030 0.108936 0.042523 0.150910 0.053611 0.081898 0.038881 0.064477 0.093792 0.090575 0.092016 0.075647 0.100010 0.090690 0.063387 0.076831 0.101487 0.136991 0.077300 0.092894 0.070794 0.136578 0.072737 0.092319 0.031848 0.002894 0.065343 0.087629 
0.222758 0.032982 0.050489 0.237500 0.192188 0.081104 0.006553 0.225436 0.078889 0.109001 0.216671 0.109720 0.107045 0.356633 0.164924 0.290002 0.187974 0.202934 0.295665 0.085940 0.076956 0.122037 0.322215 0.252414 0.230494 0.225538 0.422408 0.183186 0.195812 0.202925 0.027456 0.055555 1.000000 0.305518 0.112436 0.175388 0.208306 0.284411 0.393488 0.185927 0.175948 0.020694 0.173849 0.299408 0.273138 0.209851 0.119613 0.140558 0.168090 0.181793 0.375867 0.296206 0.175675 0.170891 0.239480 0.148827 0.341767 0.171062 0.021546 0.244895 0.044476 0.037952 0.296355 0.303712 0.162856 0.075052 0.093438 0.065660 0.229056 0.028817 0.021473 0.225274 0.300617 0.311045 0.092197 0.268006 0.176268 0.107767 0.055605 0.064140 0.065059 0.090841 0.022426 0.008633 0.246101 0.078886 0.248875 0.216147 0.251047 0.148786 0.287641 0.189609 0.060146 0.204687 0.001820 0.043938 0.064870 0.090128 0.024770 0.193722 0.138600 0.066731 0.395097 0.200420 0.117271 0.121986 0.041993 0.008007 0.081410 0.060597 0.076127 0.009973 0.159297 0.159920 0.043722 0.120761 0.024670 0.042656 0.052458 0.115399 0.035904 0.130234 0.143688 0.001345 0.422481 0.011199 
0.307516 0.187100 0.089155 0.314494 0.270279 0.203883 0.045334 0.316601 0.175274 0.128609 0.311578 0.246639 0.222016 0.355174 0.246702 0.445957 0.241814 0.222891 0.364597 0.188253 0.190390 0.176703 0.324200 0.299283 0.185732 0.361514 0.381803 0.274050 0.378825 0.209891 0.101341 0.080451 0.305518 1.000000 0.226598 0.218970 0.190134 0.281096 0.511037 0.299301 0.246043 0.048246 0.195467 0.542436 0.303336 0.267902 0.222815 0.210687 0.281012 0.223626 0.343890 0.326442 0.375821 0.190521 0.276497 0.273022 0.317973 0.178843 0.065766 0.356579 0.102280 0.072351 0.475488 0.249554 0.211248 0.163999 0.133152 0.091035 0.329253 0.107585 0.085091 0.371183 0.262955 0.379611 0.078405 0.381057 0.305109 0.195050 0.123563 0.111106 0.143485 0.154142 0.097875 0.065813 0.317283 0.162690 0.363086 0.190298 0.253076 0.157198 0.325314 0.227606 0.150725 0.240939 0.083613 0.113578 0.161576 0.147918 0.102141 0.263958 0.245041 0.137368 0.354453 0.245679 0.181993 0.210609 0.106823 0.099802 0.136200 0.127233 0.102208 0.052847 0.199843 0.297985 0.110266 0.208039 0.077274 0.106723 0.120821 0.215940 0.115473 0.297191 0.277366 0.009982 0.357907 0.193491 
0.085116 0.140082 0.061823 0.080398 0.077642 0.082203 0.072506 0.088297 0.108595 0.048758 0.085769 0.086898 0.137673 0.131180 0.126394 0.213250 0.124275 0.104324 0.135508 0.126799 0.136869 0.118385 0.089912 0.137441 0.117736 0.176133 0.127566 0.119750 0.242512 0.101878 0.094483 0.079953 0.112436 0.226598 1.000000 0.160170 0.089435 0.130745 0.239096 0.181755 0.155826 0.055797 0.087230 0.193752 0.145119 0.153062 0.145309 0.162039 0.168003 0.138757 0.178316 0.135163 0.187661 0.103636 0.157483 0.154920 0.144261 0.101299 0.059938 0.154351 0.070842 0.059234 0.195431 0.136094 0.110230 0.102523 0.083246 0.061632 0.142889 0.085230 0.084299 0.182918 0.099219 0.128310 0.036354 0.173140 0.101870 0.127225 0.080163 0.076352 0.080036 0.093051 0.093546 0.068321 0.132858 0.083819 0.129441 0.087459 0.108655 0.069024 0.113652 0.113318 0.083496 0.120226 0.087073 0.090024 0.088493 0.088254 0.067891 0.118438 0.112964 0.094897 0.123979 0.109030 0.075165 0.107571 0.087029 0.075061 0.083247 0.082759 0.082100 0.054597 0.100436 0.133756 0.088937 0.127032 0.067645 0.086403 0.094368 0.138942 0.091081 0.137715 0.134853 0.006230 0.129543 0.147643 
