1.000000 0.088030 0.014892 0.034253 0.069568 0.052453 0.034698 0.382092 0.086999 
0.088030 1.000000 0.020180 0.044105 0.082846 0.086569 0.072928 0.363153 0.117836 
0.014892 0.020180 1.000000 0.361371 0.285991 0.438769 0.055826 0.005668 0.174303 
0.034253 0.044105 0.361371 1.000000 0.288897 0.373175 0.003217 0.088056 0.101331 
0.069568 0.082846 0.285991 0.288897 1.000000 0.325380 0.142826 0.162473 0.132026 
0.052453 0.086569 0.438769 0.373175 0.325380 1.000000 0.078164 0.125736 0.187006 
0.034698 0.072928 0.055826 0.003217 0.142826 0.078164 1.000000 0.157805 0.559856 
0.382092 0.363153 0.005668 0.088056 0.162473 0.125736 0.157805 1.000000 0.189113 
0.086999 0.117836 0.174303 0.101331 0.132026 0.187006 0.559856 0.189113 1.000000 
