1.000000 0.020390 0.015493 0.826143 0.584181 0.316149 0.046917 0.873836 0.123717 0.077795 0.570758 0.240807 0.154544 0.055680 
0.020390 1.000000 0.011955 0.021764 0.015648 0.307683 0.083186 0.050694 0.054506 0.040541 0.051215 0.113183 0.388556 0.113918 
0.015493 0.011955 1.000000 0.026575 0.135709 0.038922 0.183810 0.010507 0.377095 0.044406 0.026260 0.051738 0.097061 0.031236 
0.826143 0.021764 0.026575 1.000000 0.624157 0.335516 0.016961 0.790253 0.192693 0.108746 0.577277 0.482743 0.211730 0.098324 
0.584181 0.015648 0.135709 0.624157 1.000000 0.103851 0.154094 0.544115 0.247371 0.139947 0.411492 0.348904 0.098383 0.117925 
0.316149 0.307683 0.038922 0.335516 0.103851 1.000000 0.028752 0.338423 0.059427 0.042574 0.231801 0.280148 0.676709 0.076249 
0.046917 0.083186 0.183810 0.016961 0.154094 0.028752 1.000000 0.030922 0.170358 0.044738 0.009978 0.059572 0.122087 0.049756 
0.873836 0.050694 0.010507 0.790253 0.544115 0.338423 0.030922 1.000000 0.104616 0.082281 0.765225 0.334489 0.192910 0.085623 
0.123717 0.054506 0.377095 0.192693 0.247371 0.059427 0.170358 0.104616 1.000000 0.082938 0.060529 0.184484 0.164990 0.044459 
0.077795 0.040541 0.044406 0.108746 0.139947 0.042574 0.044738 0.082281 0.082938 1.000000 0.061527 0.104952 0.075344 0.112139 
0.570758 0.051215 0.026260 0.577277 0.411492 0.231801 0.009978 0.765225 0.060529 0.061527 1.000000 0.464612 0.127469 0.127844 
0.240807 0.113183 0.051738 0.482743 0.348904 0.280148 0.059572 0.334489 0.184484 0.104952 0.464612 1.000000 0.296726 0.179020 
0.154544 0.388556 0.097061 0.211730 0.098383 0.676709 0.122087 0.192910 0.164990 0.075344 0.127469 0.296726 1.000000 0.098417 
0.055680 0.113918 0.031236 0.098324 0.117925 0.076249 0.049756 0.085623 0.044459 0.112139 0.127844 0.179020 0.098417 1.000000 
