1.000000 0.095969 0.054917 0.700078 0.468726 0.281567 0.097324 0.647579 0.089951 0.076695 0.495234 0.242045 
0.095969 1.000000 0.019877 0.082071 0.071862 0.296201 0.125937 0.108792 0.033815 0.046408 0.187236 0.172731 
0.054917 0.019877 1.000000 0.053812 0.126970 0.045920 0.092454 0.034176 0.317040 0.041317 0.011141 0.046237 
0.700078 0.082071 0.053812 1.000000 0.506082 0.307146 0.032040 0.550921 0.153898 0.111557 0.561039 0.485646 
0.468726 0.071862 0.126970 0.506082 1.000000 0.066494 0.089386 0.400994 0.153958 0.110318 0.353030 0.293481 
0.281567 0.296201 0.045920 0.307146 0.066494 1.000000 0.019751 0.259819 0.007403 0.027911 0.295054 0.289314 
0.097324 0.125937 0.092454 0.032040 0.089386 0.019751 1.000000 0.039593 0.070236 0.031933 0.044233 0.043826 
0.647579 0.108792 0.034176 0.550921 0.400994 0.259819 0.039593 1.000000 0.062700 0.067076 0.613680 0.247791 
0.089951 0.033815 0.317040 0.153898 0.153958 0.007403 0.070236 0.062700 1.000000 0.051229 0.043851 0.085034 
0.076695 0.046408 0.041317 0.111557 0.110318 0.027911 0.031933 0.067076 0.051229 1.000000 0.070529 0.083529 
0.495234 0.187236 0.011141 0.561039 0.353030 0.295054 0.044233 0.613680 0.043851 0.070529 1.000000 0.525063 
0.242045 0.172731 0.046237 0.485646 0.293481 0.289314 0.043826 0.247791 0.085034 0.083529 0.525063 1.000000 
