1.000000 0.022813 0.060658 0.730631 0.555923 0.320086 0.012516 0.848394 0.104522 0.088595 0.635901 0.235170 0.075752 0.381139 0.078190 0.112113 0.323722 0.155519 
0.022813 1.000000 0.045320 0.027041 0.034649 0.282172 0.021823 0.027343 0.010096 0.015884 0.035819 0.077364 0.224435 0.208264 0.229776 0.278443 0.058774 0.151942 
0.060658 0.045320 1.000000 0.068554 0.080846 0.045683 0.087653 0.016291 0.655707 0.025976 0.017202 0.025379 0.141013 0.025844 0.101537 0.116369 0.145619 0.020804 
0.730631 0.027041 0.068554 1.000000 0.575744 0.309567 0.033649 0.592055 0.147143 0.103956 0.613245 0.560759 0.102057 0.354343 0.166506 0.168843 0.352162 0.286262 
0.555923 0.034649 0.080846 0.575744 1.000000 0.082576 0.060296 0.491081 0.163369 0.106081 0.440323 0.385648 0.044815 0.255356 0.156038 0.100593 0.332976 0.323714 
0.320086 0.282172 0.045683 0.309567 0.082576 1.000000 0.013813 0.283475 0.030478 0.014675 0.238225 0.246147 0.371911 0.317359 0.287571 0.226066 0.068930 0.155875 
0.012516 0.021823 0.087653 0.033649 0.060296 0.013813 1.000000 0.018034 0.082018 0.013077 0.028708 0.039206 0.068670 0.029806 0.037481 0.254751 0.002731 0.015146 
0.848394 0.027343 0.016291 0.592055 0.491081 0.283475 0.018034 1.000000 0.043115 0.078170 0.799507 0.230962 0.056219 0.418910 0.065737 0.121812 0.318632 0.142671 
0.104522 0.010096 0.655707 0.147143 0.163369 0.030478 0.082018 0.043115 1.000000 0.051276 0.020742 0.108961 0.146656 0.078144 0.122446 0.090782 0.160094 0.088764 
0.088595 0.015884 0.025976 0.103956 0.106081 0.014675 0.013077 0.078170 0.051276 1.000000 0.057070 0.062234 0.025350 0.072563 0.024015 0.050453 0.297321 0.131352 
0.635901 0.035819 0.017202 0.613245 0.440323 0.238225 0.028708 0.799507 0.020742 0.057070 1.000000 0.474370 0.054947 0.426387 0.109277 0.143312 0.295087 0.240493 
0.235170 0.077364 0.025379 0.560759 0.385648 0.246147 0.039206 0.230962 0.108961 0.062234 0.474370 1.000000 0.139944 0.277851 0.297500 0.237042 0.287859 0.398727 
0.075752 0.224435 0.141013 0.102057 0.044815 0.371911 0.068670 0.056219 0.146656 0.025350 0.054947 0.139944 1.000000 0.226598 0.284567 0.179181 0.096710 0.135570 
0.381139 0.208264 0.025844 0.354343 0.255356 0.317359 0.029806 0.418910 0.078144 0.072563 0.426387 0.277851 0.226598 1.000000 0.218555 0.197767 0.279317 0.256546 
0.078190 0.229776 0.101537 0.166506 0.156038 0.287571 0.037481 0.065737 0.122446 0.024015 0.109277 0.297500 0.284567 0.218555 1.000000 0.255582 0.123322 0.259453 
0.112113 0.278443 0.116369 0.168843 0.100593 0.226066 0.254751 0.121812 0.090782 0.050453 0.143312 0.237042 0.179181 0.197767 0.255582 1.000000 0.213143 0.307076 
0.323722 0.058774 0.145619 0.352162 0.332976 0.068930 0.002731 0.318632 0.160094 0.297321 0.295087 0.287859 0.096710 0.279317 0.123322 0.213143 1.000000 0.356907 
0.155519 0.151942 0.020804 0.286262 0.323714 0.155875 0.015146 0.142671 0.088764 0.131352 0.240493 0.398727 0.135570 0.256546 0.259453 0.307076 0.356907 1.000000 
