1.000000 0.072109 0.027296 0.631152 0.525881 0.336827 0.044232 0.732264 0.097654 0.083850 0.638077 0.180711 0.047337 
0.072109 1.000000 0.007572 0.112325 0.079441 0.315088 0.100048 0.081240 0.086733 0.038870 0.111682 0.206936 0.153409 
0.027296 0.007572 1.000000 0.040514 0.128920 0.040662 0.105101 0.024347 0.512580 0.046038 0.014164 0.041006 0.111494 
0.631152 0.112325 0.040514 1.000000 0.547391 0.374742 0.009281 0.417066 0.153081 0.108481 0.535299 0.456007 0.080163 
0.525881 0.079441 0.128920 0.547391 1.000000 0.092365 0.128465 0.405825 0.201616 0.125677 0.407124 0.334151 0.066394 
0.336827 0.315088 0.040662 0.374742 0.092365 1.000000 0.017111 0.240968 0.044650 0.029509 0.289386 0.305956 0.212268 
0.044232 0.100048 0.105101 0.009281 0.128465 0.017111 1.000000 0.021261 0.135905 0.021596 0.012264 0.038607 0.148937 
0.732264 0.081240 0.024347 0.417066 0.405825 0.240968 0.021261 1.000000 0.068778 0.072552 0.720213 0.151102 0.035261 
0.097654 0.086733 0.512580 0.153081 0.201616 0.044650 0.135905 0.068778 1.000000 0.078193 0.043536 0.137231 0.117639 
0.083850 0.038870 0.046038 0.108481 0.125677 0.029509 0.021596 0.072552 0.078193 1.000000 0.075639 0.084141 0.020944 
0.638077 0.111682 0.014164 0.535299 0.407124 0.289386 0.012264 0.720213 0.043536 0.075639 1.000000 0.363214 0.032548 
0.180711 0.206936 0.041006 0.456007 0.334151 0.305956 0.038607 0.151102 0.137231 0.084141 0.363214 1.000000 0.106029 
0.047337 0.153409 0.111494 0.080163 0.066394 0.212268 0.148937 0.035261 0.117639 0.020944 0.032548 0.106029 1.000000 
