1.000000 0.002133 0.091131 0.628292 0.592924 0.104385 0.054703 0.142889 0.416902 0.348946 0.065535 0.252658 
0.002133 1.000000 0.068821 0.039057 0.022565 0.373225 0.035292 0.015484 0.145627 0.123934 0.379665 0.010324 
0.091131 0.068821 1.000000 0.017374 0.002666 0.066011 0.083571 0.018848 0.052262 0.002324 0.091986 0.067453 
0.628292 0.039057 0.017374 1.000000 0.781766 0.290971 0.037029 0.148319 0.582460 0.473629 0.175150 0.319876 
0.592924 0.022565 0.002666 0.781766 1.000000 0.259857 0.011001 0.113977 0.512465 0.216961 0.116417 0.385862 
0.104385 0.373225 0.066011 0.290971 0.259857 1.000000 0.035354 0.028626 0.294442 0.286946 0.603659 0.074057 
0.054703 0.035292 0.083571 0.037029 0.011001 0.035354 1.000000 0.013661 0.063558 0.048057 0.037094 0.048921 
0.142889 0.015484 0.018848 0.148319 0.113977 0.028626 0.013661 1.000000 0.083972 0.096135 0.052994 0.245724 
0.416902 0.145627 0.052262 0.582460 0.512465 0.294442 0.063558 0.083972 1.000000 0.600417 0.187213 0.224842 
0.348946 0.123934 0.002324 0.473629 0.216961 0.286946 0.048057 0.096135 0.600417 1.000000 0.253067 0.160270 
0.065535 0.379665 0.091986 0.175150 0.116417 0.603659 0.037094 0.052994 0.187213 0.253067 1.000000 0.093231 
0.252658 0.010324 0.067453 0.319876 0.385862 0.074057 0.048921 0.245724 0.224842 0.160270 0.093231 1.000000 
