1.000000 0.005352 0.008447 0.111206 0.069458 0.113030 0.261110 0.075134 
0.005352 1.000000 0.019457 0.022057 0.037216 0.049255 0.086313 0.019594 
0.008447 0.019457 1.000000 0.035684 0.016300 0.048238 0.045466 0.011030 
0.111206 0.022057 0.035684 1.000000 0.091648 0.105537 0.199860 0.634365 
0.069458 0.037216 0.016300 0.091648 1.000000 0.202146 0.333480 0.267431 
0.113030 0.049255 0.048238 0.105537 0.202146 1.000000 0.272829 0.153736 
0.261110 0.086313 0.045466 0.199860 0.333480 0.272829 1.000000 0.290745 
0.075134 0.019594 0.011030 0.634365 0.267431 0.153736 0.290745 1.000000 
